2.129909431830000113e-06 -7.352506347269999543e-07 4.400000000000000000e+01
-7.352506347269999543e-07 2.233139463639999945e-07 7.900000000000000000e+01
2.233139463639999945e-07 5.188889149949999875e-06 1.200000000000000000e+01
5.188889149949999875e-06 5.414309831659999989e-07 9.000000000000000000e+00
5.414309831659999989e-07 1.249294058429999970e-06 7.300000000000000000e+01
1.249294058429999970e-06 5.064591764709999907e-06 1.300000000000000000e+01
5.064591764709999907e-06 2.009825517279999799e-06 1.300000000000000000e+01
2.009825517279999799e-06 6.566694064310000313e-06 5.000000000000000000e+00
6.566694064310000313e-06 3.988050004409999834e-06 4.000000000000000000e+00
3.988050004409999834e-06 -1.664320921010000040e-07 1.900000000000000000e+01
-1.664320921010000040e-07 4.472599133309999969e-06 1.400000000000000000e+01
4.472599133309999969e-06 1.240867117060000099e-06 2.100000000000000000e+01
1.240867117060000099e-06 -1.851820366550000064e-06 4.100000000000000000e+01
-1.851820366550000064e-06 2.148870049919999876e-07 5.500000000000000000e+01
2.148870049919999876e-07 4.213470686109999930e-08 7.900000000000000000e+01
4.213470686109999930e-08 1.457860857399999919e-06 7.000000000000000000e+01
1.457860857399999919e-06 -1.253507529120000047e-06 5.700000000000000000e+01
-1.253507529120000047e-06 3.223305074880000211e-07 6.800000000000000000e+01
3.223305074880000211e-07 1.611652537440000000e-06 6.700000000000000000e+01
1.611652537440000000e-06 9.501376397189999684e-07 7.000000000000000000e+01
9.501376397189999684e-07 -1.367271237640000070e-06 5.900000000000000000e+01
-1.367271237640000070e-06 -3.050552776750000103e-06 3.600000000000000000e+01
-3.050552776750000103e-06 -8.511210785949999947e-07 5.000000000000000000e+01
-8.511210785949999947e-07 9.396039630030000308e-07 7.500000000000000000e+01
9.396039630030000308e-07 -7.752786062449999557e-07 7.000000000000000000e+01
-7.752786062449999557e-07 -2.660806738279999963e-06 3.600000000000000000e+01
-2.660806738279999963e-06 -3.640438672800000178e-06 2.000000000000000000e+01
-3.640438672800000178e-06 -1.799151982970000059e-06 2.300000000000000000e+01
-1.799151982970000059e-06 -2.603924884019999951e-06 4.400000000000000000e+01
-2.603924884019999951e-06 -3.806870764900000207e-06 1.800000000000000000e+01
-3.806870764900000207e-06 -5.359534712739999981e-06 9.000000000000000000e+00
-5.359534712739999981e-06 1.143957291280000030e-06 5.000000000000000000e+00
1.143957291280000030e-06 4.733834315849999641e-06 1.600000000000000000e+01
4.733834315849999641e-06 -3.600410701279999909e-06 3.000000000000000000e+00
-3.600410701279999909e-06 -1.927662838899999892e-06 2.000000000000000000e+01
-1.927662838899999892e-06 4.971895409610000055e-07 4.600000000000000000e+01
4.971895409610000055e-07 3.145355867180000098e-06 3.800000000000000000e+01
3.145355867180000098e-06 -3.737348498580000036e-06 1.100000000000000000e+01
-3.737348498580000036e-06 -4.369369101499999820e-06 1.300000000000000000e+01
-4.369369101499999820e-06 1.896061808749999916e-07 1.300000000000000000e+01
1.896061808749999916e-07 1.569517830579999939e-06 7.000000000000000000e+01
1.569517830579999939e-06 1.051260936190000037e-06 6.300000000000000000e+01
1.051260936190000037e-06 7.815988122740000072e-07 7.200000000000000000e+01
7.815988122740000072e-07 -4.898159672610000302e-06 8.000000000000000000e+00
-4.898159672610000302e-06 -8.974692561420000475e-07 1.400000000000000000e+01
-8.974692561420000475e-07 4.409397073019999666e-06 1.200000000000000000e+01
4.409397073019999666e-06 -1.628506420179999953e-06 9.000000000000000000e+00
-1.628506420179999953e-06 -3.343388989429999890e-06 2.900000000000000000e+01
-3.343388989429999890e-06 -5.016136851819999978e-06 1.000000000000000000e+01
-5.016136851819999978e-06 -1.603225596069999917e-06 1.800000000000000000e+01
-1.603225596069999917e-06 2.926255391510000135e-06 3.100000000000000000e+01
2.926255391510000135e-06 2.924148656159999849e-06 2.800000000000000000e+01
2.924148656159999849e-06 1.504209034939999985e-06 4.000000000000000000e+01
1.504209034939999985e-06 5.898858960560000336e-07 7.600000000000000000e+01
5.898858960560000336e-07 3.817404441619999728e-06 2.600000000000000000e+01
3.817404441619999728e-06 1.847606895859999988e-06 3.400000000000000000e+01
1.847606895859999988e-06 3.707854203780000029e-07 6.500000000000000000e+01
3.707854203780000029e-07 7.057563399239999681e-07 8.000000000000000000e+01
7.057563399239999681e-07 -3.724708086519999877e-06 2.100000000000000000e+01
-3.724708086519999877e-06 -1.261934470489999918e-06 3.200000000000000000e+01
-1.261934470489999918e-06 5.403776154940000256e-06 4.000000000000000000e+00
5.403776154940000256e-06 5.601809277189999625e-06 3.000000000000000000e+00
5.601809277189999625e-06 -8.005594303610000557e-08 8.000000000000000000e+00
-8.005594303610000557e-08 -2.681874091710000205e-06 3.800000000000000000e+01
-2.681874091710000205e-06 -2.169937403349999959e-07 5.100000000000000000e+01
-2.169937403349999959e-07 6.994361338950000225e-07 7.800000000000000000e+01
6.994361338950000225e-07 2.372183996280000181e-06 5.400000000000000000e+01
2.372183996280000181e-06 3.591983759909999826e-06 3.100000000000000000e+01
3.591983759909999826e-06 2.380610937649999999e-07 2.800000000000000000e+01
2.380610937649999999e-07 -2.751396358029999953e-06 3.500000000000000000e+01
-2.751396358029999953e-06 -8.153065777629999571e-07 5.600000000000000000e+01
-8.153065777629999571e-07 3.834258324360000000e-07 7.300000000000000000e+01
3.834258324360000000e-07 -1.641146832239999901e-06 5.800000000000000000e+01
-1.641146832239999901e-06 -7.900257536460000405e-07 7.000000000000000000e+01
-7.900257536460000405e-07 -4.002797151809999891e-07 7.500000000000000000e+01
-4.002797151809999891e-07 1.221906498970000072e-06 7.400000000000000000e+01
1.221906498970000072e-06 9.522443750619999503e-07 6.700000000000000000e+01
9.522443750619999503e-07 -1.009126229319999905e-06 7.000000000000000000e+01
-1.009126229319999905e-06 -2.471200557409999901e-06 4.100000000000000000e+01
-2.471200557409999901e-06 -3.480326786730000018e-06 2.200000000000000000e+01
-3.480326786730000018e-06 -2.380610937649999999e-07 3.900000000000000000e+01
-2.380610937649999999e-07 -7.078630752669999500e-07 8.100000000000000000e+01
-7.078630752669999500e-07 1.613759272780000003e-06 6.800000000000000000e+01
1.613759272780000003e-06 3.600410701279999909e-06 3.700000000000000000e+01
3.600410701279999909e-06 5.182568943919999584e-07 2.700000000000000000e+01
5.182568943919999584e-07 2.570217118529999973e-07 7.500000000000000000e+01
2.570217118529999973e-07 -1.356737560929999984e-06 6.500000000000000000e+01
-1.356737560929999984e-06 -2.517548734949999967e-06 4.000000000000000000e+01
-2.517548734949999967e-06 -2.460666880689999956e-06 3.100000000000000000e+01
-2.460666880689999956e-06 -2.085667989629999891e-07 5.500000000000000000e+01
-2.085667989629999891e-07 5.962061020849999792e-07 7.500000000000000000e+01
5.962061020849999792e-07 6.214869262020000017e-07 7.700000000000000000e+01
6.214869262020000017e-07 -2.138336373200000196e-06 4.400000000000000000e+01
-2.138336373200000196e-06 -1.291428765290000031e-06 5.500000000000000000e+01
-1.291428765290000031e-06 1.470501269450000007e-06 5.600000000000000000e+01
1.470501269450000007e-06 -9.459241690319999764e-07 6.600000000000000000e+01
-9.459241690319999764e-07 -2.454346674660000088e-06 4.200000000000000000e+01
-2.454346674660000088e-06 -6.910091925229999892e-07 6.600000000000000000e+01
-6.910091925229999892e-07 -5.308973064499999554e-07 7.600000000000000000e+01
-5.308973064499999554e-07 3.889033443280000114e-06 2.200000000000000000e+01
3.889033443280000114e-06 4.337768071350000057e-06 1.300000000000000000e+01
4.337768071350000057e-06 1.489461887540000035e-06 2.500000000000000000e+01
1.489461887540000035e-06 3.195917515419999889e-06 3.900000000000000000e+01
3.195917515419999889e-06 -4.339874806699999919e-07 2.900000000000000000e+01
-4.339874806699999919e-07 1.571624565919999942e-06 7.400000000000000000e+01
1.571624565919999942e-06 3.368669813550000209e-06 3.900000000000000000e+01
3.368669813550000209e-06 2.178364344720000042e-06 2.800000000000000000e+01
2.178364344720000042e-06 -4.434677897129999914e-06 5.000000000000000000e+00
-4.434677897129999914e-06 -3.155889543900000043e-06 1.300000000000000000e+01
-3.155889543900000043e-06 -1.181878527450000014e-06 4.300000000000000000e+01
-1.181878527450000014e-06 -2.957856421649999827e-06 3.600000000000000000e+01
-2.957856421649999827e-06 -9.374972276600000489e-07 5.200000000000000000e+01
-9.374972276600000489e-07 1.723309510620000020e-06 6.400000000000000000e+01
1.723309510620000020e-06 -2.022465929329999887e-07 6.700000000000000000e+01
-2.022465929329999887e-07 -4.917120290690000259e-06 1.600000000000000000e+01
-4.917120290690000259e-06 -9.543511104049999321e-07 1.400000000000000000e+01
-9.543511104049999321e-07 -2.359543584219999916e-07 7.400000000000000000e+01
-2.359543584219999916e-07 2.237352934329999916e-06 6.900000000000000000e+01
2.237352934329999916e-06 2.749289622690000161e-06 3.500000000000000000e+01
2.749289622690000161e-06 -6.109532494859999582e-08 4.000000000000000000e+01
-6.109532494859999582e-08 -1.331456736810000089e-06 6.300000000000000000e+01
-1.331456736810000089e-06 -4.866558642459999903e-07 6.700000000000000000e+01
-4.866558642459999903e-07 4.571615694430000042e-07 7.600000000000000000e+01
4.571615694430000042e-07 2.254206817070000028e-07 7.400000000000000000e+01
2.254206817070000028e-07 -3.579343347850000090e-06 2.600000000000000000e+01
-3.579343347850000090e-06 4.192403332679999847e-07 2.300000000000000000e+01
4.192403332679999847e-07 3.594090495250000041e-06 3.400000000000000000e+01
3.594090495250000041e-06 1.070221554269999994e-06 3.700000000000000000e+01
1.070221554269999994e-06 4.272459275719999963e-06 2.100000000000000000e+01
4.272459275719999963e-06 3.792123617499999833e-07 2.000000000000000000e+01
3.792123617499999833e-07 1.990864899190000195e-06 5.600000000000000000e+01
1.990864899190000195e-06 1.580051507289999972e-07 6.600000000000000000e+01
1.580051507289999972e-07 -5.772454839970000083e-07 8.200000000000000000e+01
-5.772454839970000083e-07 1.512635976310000068e-06 7.200000000000000000e+01
1.512635976310000068e-06 -5.877791607130000518e-07 6.400000000000000000e+01
-5.877791607130000518e-07 2.831452301070000068e-06 4.400000000000000000e+01
2.831452301070000068e-06 2.233139463639999839e-06 3.000000000000000000e+01
2.233139463639999839e-06 2.540722823730000072e-06 3.700000000000000000e+01
2.540722823730000072e-06 4.676952461589999947e-07 4.500000000000000000e+01
4.676952461589999947e-07 -2.287914582560000059e-06 3.700000000000000000e+01
-2.287914582560000059e-06 -3.082153806889999795e-06 3.700000000000000000e+01
-3.082153806889999795e-06 -3.324428371339999863e-06 1.700000000000000000e+01
-3.324428371339999863e-06 -2.167830668010000168e-06 2.400000000000000000e+01
-2.167830668010000168e-06 -2.513335264269999962e-06 3.900000000000000000e+01
-2.513335264269999962e-06 3.261226311049999983e-06 1.300000000000000000e+01
3.261226311049999983e-06 1.072328289620000067e-06 4.200000000000000000e+01
1.072328289620000067e-06 -1.306175912700000052e-06 6.000000000000000000e+01
-1.306175912700000052e-06 3.488753728100000100e-06 2.600000000000000000e+01
3.488753728100000100e-06 2.081454518940000184e-06 3.000000000000000000e+01
2.081454518940000184e-06 1.896061808749999916e-07 6.200000000000000000e+01
1.896061808749999916e-07 -9.332837569739999793e-07 7.300000000000000000e+01
-9.332837569739999793e-07 -4.550548341000000223e-07 7.200000000000000000e+01
-4.550548341000000223e-07 -1.712775833900000075e-06 5.500000000000000000e+01
-1.712775833900000075e-06 2.260527023099999949e-06 4.100000000000000000e+01
2.260527023099999949e-06 2.995777657829999882e-06 3.600000000000000000e+01
2.995777657829999882e-06 4.108133918960000043e-07 4.100000000000000000e+01
4.108133918960000043e-07 -1.312496118720000061e-06 6.400000000000000000e+01
-1.312496118720000061e-06 1.679068068419999956e-06 5.400000000000000000e+01
1.679068068419999956e-06 -7.668516648730000282e-07 5.600000000000000000e+01
-7.668516648730000282e-07 -1.668534391700000011e-06 5.800000000000000000e+01
-1.668534391700000011e-06 -2.231032728300000048e-06 4.300000000000000000e+01
-2.231032728300000048e-06 -9.058961975140000279e-08 5.200000000000000000e+01
-9.058961975140000279e-08 2.138336373200000196e-06 6.300000000000000000e+01
2.138336373200000196e-06 1.510529240970000065e-06 5.000000000000000000e+01
1.510529240970000065e-06 2.962069892339999904e-06 3.600000000000000000e+01
2.962069892339999904e-06 1.898168544089999919e-06 3.400000000000000000e+01
1.898168544089999919e-06 6.699418390920000364e-07 6.800000000000000000e+01
6.699418390920000364e-07 -2.745076152000000085e-06 3.500000000000000000e+01
-2.745076152000000085e-06 6.804755158070000516e-07 3.300000000000000000e+01
6.804755158070000516e-07 1.769657688169999946e-07 7.500000000000000000e+01
1.769657688169999946e-07 -3.290720605849999885e-06 2.700000000000000000e+01
-3.290720605849999885e-06 -1.771764423509999949e-06 3.100000000000000000e+01
-1.771764423509999949e-06 -1.407299209159999916e-06 5.800000000000000000e+01
-1.407299209159999916e-06 -1.198732410200000038e-06 6.600000000000000000e+01
-1.198732410200000038e-06 -1.792831776939999979e-06 5.500000000000000000e+01
-1.792831776939999979e-06 -1.624292949499999947e-06 5.800000000000000000e+01
-1.624292949499999947e-06 -8.532278139379999766e-07 7.100000000000000000e+01
-8.532278139379999766e-07 -5.009816645789999687e-06 1.600000000000000000e+01
-5.009816645789999687e-06 -2.557576706469999814e-06 1.500000000000000000e+01
-2.557576706469999814e-06 -1.080755230989999938e-06 6.200000000000000000e+01
-1.080755230989999938e-06 -1.200839145540000041e-06 6.400000000000000000e+01
-1.200839145540000041e-06 2.083561254279999976e-06 5.100000000000000000e+01
2.083561254279999976e-06 4.114454124989999593e-06 2.300000000000000000e+01
4.114454124989999593e-06 -1.919235897520000162e-06 6.000000000000000000e+00
-1.919235897520000162e-06 -3.132715455130000010e-06 3.400000000000000000e+01
-3.132715455130000010e-06 -7.710651355589999919e-07 4.600000000000000000e+01
-7.710651355589999919e-07 1.457860857399999919e-06 7.300000000000000000e+01
1.457860857399999919e-06 1.398872267790000045e-06 6.200000000000000000e+01
1.398872267790000045e-06 1.047047465499999960e-06 6.400000000000000000e+01
1.047047465499999960e-06 -4.415717279049999958e-06 9.000000000000000000e+00
-4.415717279049999958e-06 -3.608837642660000062e-06 1.100000000000000000e+01
-3.608837642660000062e-06 2.018252458649999881e-06 1.200000000000000000e+01
2.018252458649999881e-06 3.960662444950000253e-07 6.600000000000000000e+01
3.960662444950000253e-07 8.089863717340000115e-07 8.100000000000000000e+01
8.089863717340000115e-07 -1.443113709989999897e-06 5.700000000000000000e+01
-1.443113709989999897e-06 -4.251391922290000144e-06 2.800000000000000000e+01
-4.251391922290000144e-06 -1.040727259470000092e-06 2.300000000000000000e+01
-1.040727259470000092e-06 -5.020350322500000408e-06 1.400000000000000000e+01
-5.020350322500000408e-06 -7.879190183029999528e-07 1.200000000000000000e+01
-7.879190183029999528e-07 -6.825822511500000335e-07 7.500000000000000000e+01
-6.825822511500000335e-07 2.106735343060000024e-09 7.400000000000000000e+01
2.106735343060000024e-09 -2.936789068220000009e-06 3.300000000000000000e+01
-2.936789068220000009e-06 -3.018951746599999916e-06 2.300000000000000000e+01
-3.018951746599999916e-06 -4.592683047859999860e-07 4.700000000000000000e+01
-4.592683047859999860e-07 -2.338476230790000097e-07 7.800000000000000000e+01
-2.338476230790000097e-07 1.198732410200000038e-06 7.400000000000000000e+01
1.198732410200000038e-06 1.331456736810000089e-06 6.400000000000000000e+01
1.331456736810000089e-06 1.108142790450000049e-06 6.600000000000000000e+01
1.108142790450000049e-06 2.338476230790000097e-07 9.200000000000000000e+01
2.338476230790000097e-07 -7.752786062449999557e-07 8.100000000000000000e+01
-7.752786062449999557e-07 1.590585184009999969e-06 7.200000000000000000e+01
1.590585184009999969e-06 -3.981729798380000072e-07 6.200000000000000000e+01
-3.981729798380000072e-07 5.435377185089999808e-07 7.800000000000000000e+01
5.435377185089999808e-07 -9.480309043749999582e-07 6.900000000000000000e+01
-9.480309043749999582e-07 -4.002797151810000208e-06 2.800000000000000000e+01
-4.002797151810000208e-06 1.181878527450000014e-06 1.400000000000000000e+01
1.181878527450000014e-06 1.660107450329999929e-06 6.000000000000000000e+01
1.660107450329999929e-06 2.439599527260000137e-06 4.200000000000000000e+01
2.439599527260000137e-06 -2.174150874029999965e-06 2.400000000000000000e+01
-2.174150874029999965e-06 -1.011232964669999979e-06 6.300000000000000000e+01
-1.011232964669999979e-06 2.357436848879999807e-06 5.100000000000000000e+01
2.357436848879999807e-06 1.499995564259999980e-06 4.300000000000000000e+01
1.499995564259999980e-06 -1.200839145540000041e-07 7.500000000000000000e+01
-1.200839145540000041e-07 -5.014030116469999693e-07 7.900000000000000000e+01
-5.014030116469999693e-07 -1.074435024959999938e-07 8.000000000000000000e+01
-1.074435024959999938e-07 -5.098299530200000309e-07 7.900000000000000000e+01
-5.098299530200000309e-07 1.601118860720000055e-06 6.900000000000000000e+01
1.601118860720000055e-06 2.732435739939999925e-06 3.900000000000000000e+01
2.732435739939999925e-06 1.643253567579999904e-06 3.400000000000000000e+01
1.643253567579999904e-06 -1.792831776939999979e-06 4.000000000000000000e+01
-1.792831776939999979e-06 -1.228226704999999940e-06 5.700000000000000000e+01
-1.228226704999999940e-06 -5.182568943919999584e-07 6.600000000000000000e+01
-5.182568943919999584e-07 -2.106735343059999974e-07 7.500000000000000000e+01
-2.106735343059999974e-07 -1.495782093569999903e-06 5.900000000000000000e+01
-1.495782093569999903e-06 -1.856033837230000070e-06 5.800000000000000000e+01
-1.856033837230000070e-06 -3.691000321039999969e-06 2.600000000000000000e+01
-3.691000321039999969e-06 -2.317408877360000014e-07 3.200000000000000000e+01
-2.317408877360000014e-07 3.267546517079999851e-06 3.300000000000000000e+01
3.267546517079999851e-06 4.525267516890000399e-06 1.400000000000000000e+01
4.525267516890000399e-06 1.426259827249999944e-06 2.100000000000000000e+01
1.426259827249999944e-06 1.847606895859999988e-06 5.500000000000000000e+01
1.847606895859999988e-06 1.603225596069999917e-06 4.900000000000000000e+01
1.603225596069999917e-06 8.321604605070000237e-07 7.100000000000000000e+01
8.321604605070000237e-07 2.700834709799999809e-06 4.700000000000000000e+01
2.700834709799999809e-06 3.478220051389999803e-06 2.600000000000000000e+01
3.478220051389999803e-06 -2.854626389840000102e-06 1.200000000000000000e+01
-2.854626389840000102e-06 -2.768250240780000189e-06 2.700000000000000000e+01
-2.768250240780000189e-06 -9.648847871200000532e-07 5.500000000000000000e+01
-9.648847871200000532e-07 -2.296341523929999930e-07 7.500000000000000000e+01
-2.296341523929999930e-07 1.110249525790000051e-06 7.500000000000000000e+01
1.110249525790000051e-06 -9.480309043749999582e-08 8.200000000000000000e+01
-9.480309043749999582e-08 2.317408877359999961e-06 6.100000000000000000e+01
2.317408877359999961e-06 6.758406980530000238e-06 5.000000000000000000e+00
6.758406980530000238e-06 1.603225596069999917e-06 2.000000000000000000e+00
1.603225596069999917e-06 -3.267546517079999851e-06 1.400000000000000000e+01
-3.267546517079999851e-06 -3.939595091519999905e-07 4.500000000000000000e+01
-3.939595091519999905e-07 -2.635525914160000067e-06 3.300000000000000000e+01
-2.635525914160000067e-06 1.325136530780000009e-06 1.900000000000000000e+01
1.325136530780000009e-06 2.201538433490000075e-06 5.100000000000000000e+01
2.201538433490000075e-06 3.208557927480000049e-06 3.600000000000000000e+01
3.208557927480000049e-06 -1.411512679850000099e-07 3.100000000000000000e+01
-1.411512679850000099e-07 1.670641127040000014e-06 7.000000000000000000e+01
1.670641127040000014e-06 -6.530879563479999697e-07 5.700000000000000000e+01
-6.530879563479999697e-07 -3.905887326030000351e-06 2.900000000000000000e+01
-3.905887326030000351e-06 3.585663553879999958e-06 2.000000000000000000e+00
3.585663553879999958e-06 3.254906105020000115e-06 1.700000000000000000e+01
3.254906105020000115e-06 2.854626389840000102e-06 1.900000000000000000e+01
2.854626389840000102e-06 1.872887719980000095e-06 3.400000000000000000e+01
1.872887719980000095e-06 -1.784404835569999896e-06 3.500000000000000000e+01
-1.784404835569999896e-06 -3.313894694629999989e-06 3.000000000000000000e+01
-3.313894694629999989e-06 -1.049154200839999963e-06 4.200000000000000000e+01
-1.049154200839999963e-06 2.631312443480000062e-06 4.300000000000000000e+01
2.631312443480000062e-06 1.101822584419999969e-06 4.900000000000000000e+01
1.101822584419999969e-06 1.137637085249999950e-06 6.700000000000000000e+01
1.137637085249999950e-06 2.591284471959999792e-07 9.100000000000000000e+01
2.591284471959999792e-07 -4.219790892140000380e-06 2.100000000000000000e+01
-4.219790892140000380e-06 2.376397466969999834e-06 6.000000000000000000e+00
2.376397466969999834e-06 -3.547742317709999974e-06 7.000000000000000000e+00
-3.547742317709999974e-06 -1.965584075069999876e-06 2.000000000000000000e+01
-1.965584075069999876e-06 5.435377185089999808e-07 4.600000000000000000e+01
5.435377185089999808e-07 -3.341282254090000099e-06 2.900000000000000000e+01
-3.341282254090000099e-06 -3.223305074880000211e-07 4.100000000000000000e+01
-3.223305074880000211e-07 -3.581450083200000058e-07 7.800000000000000000e+01
-3.581450083200000058e-07 4.657991843499999602e-06 1.300000000000000000e+01
4.657991843499999602e-06 -9.564578457479999140e-07 1.200000000000000000e+01
-9.564578457479999140e-07 -7.398854524810000033e-06 1.000000000000000000e+00
-7.398854524810000033e-06 -7.689584002160000101e-07 1.000000000000000000e+00
-7.689584002160000101e-07 1.066008083589999988e-06 7.300000000000000000e+01
1.066008083589999988e-06 -3.153782808559999828e-06 2.500000000000000000e+01
-3.153782808559999828e-06 -8.848288440839999446e-08 4.700000000000000000e+01
-8.848288440839999446e-08 5.688185426249999749e-07 7.700000000000000000e+01
5.688185426249999749e-07 1.586371713320000104e-06 6.800000000000000000e+01
1.586371713320000104e-06 -3.244372428310000030e-07 6.800000000000000000e+01
-3.244372428310000030e-07 4.255605392969999726e-06 1.700000000000000000e+01
4.255605392969999726e-06 2.361650319569999884e-06 1.900000000000000000e+01
2.361650319569999884e-06 -2.083561254279999976e-06 2.500000000000000000e+01
-2.083561254279999976e-06 3.145355867180000098e-06 2.300000000000000000e+01
3.145355867180000098e-06 3.311787959280000127e-06 2.400000000000000000e+01
3.311787959280000127e-06 3.676253173629999948e-06 2.300000000000000000e+01
3.676253173629999948e-06 8.405874018799999795e-07 2.900000000000000000e+01
8.405874018799999795e-07 6.910091925229999892e-07 6.900000000000000000e+01
6.910091925229999892e-07 2.214178845549999811e-06 5.600000000000000000e+01
2.214178845549999811e-06 4.192403332680000270e-06 1.900000000000000000e+01
4.192403332680000270e-06 1.944516721640000057e-06 2.300000000000000000e+01
1.944516721640000057e-06 -3.870072825190000087e-06 9.000000000000000000e+00
-3.870072825190000087e-06 -4.053358800039999928e-06 1.000000000000000000e+01
-4.053358800039999928e-06 4.089173300870000121e-06 3.000000000000000000e+00
4.089173300870000121e-06 -3.855325677789999818e-07 1.900000000000000000e+01
-3.855325677789999818e-07 -4.607430195259999811e-06 2.000000000000000000e+01
-4.607430195259999811e-06 1.400979003130000048e-06 9.000000000000000000e+00
1.400979003130000048e-06 -8.405874018799999795e-07 6.100000000000000000e+01
-8.405874018799999795e-07 1.834966483800000040e-06 6.600000000000000000e+01
1.834966483800000040e-06 9.775251991779999444e-07 6.400000000000000000e+01
9.775251991779999444e-07 -1.811792395030000007e-06 4.800000000000000000e+01
-1.811792395030000007e-06 -2.631312443480000062e-06 4.300000000000000000e+01
-2.631312443480000062e-06 -1.183985262800000088e-06 5.500000000000000000e+01
-1.183985262800000088e-06 2.460666880689999956e-06 4.100000000000000000e+01
2.460666880689999956e-06 3.349709195460000182e-07 4.700000000000000000e+01
3.349709195460000182e-07 -2.844092713129999804e-06 3.600000000000000000e+01
-2.844092713129999804e-06 -9.859521405500000836e-07 5.500000000000000000e+01
-9.859521405500000836e-07 1.558984153859999888e-07 7.300000000000000000e+01
1.558984153859999888e-07 -2.532295882349999918e-06 3.800000000000000000e+01
-2.532295882349999918e-06 -1.394658797099999968e-06 5.300000000000000000e+01
-1.394658797099999968e-06 -1.053367671530000040e-06 6.900000000000000000e+01
-1.053367671530000040e-06 2.753503093370000167e-06 4.000000000000000000e+01
2.753503093370000167e-06 6.617255712540000033e-06 4.000000000000000000e+00
6.617255712540000033e-06 3.849005471760000268e-06 4.000000000000000000e+00
3.849005471760000268e-06 4.493666486739999788e-06 1.400000000000000000e+01
4.493666486739999788e-06 2.285807847219999845e-06 1.600000000000000000e+01
2.285807847219999845e-06 -1.664320921009999934e-06 3.300000000000000000e+01
-1.664320921009999934e-06 3.808977500250000069e-06 1.500000000000000000e+01
3.808977500250000069e-06 4.537907928940000064e-06 1.400000000000000000e+01
4.537907928940000064e-06 2.113055549089999948e-06 1.900000000000000000e+01
2.113055549089999948e-06 2.559683441810000028e-06 3.600000000000000000e+01
2.559683441810000028e-06 8.595480199670000280e-07 5.100000000000000000e+01
8.595480199670000280e-07 -1.354630825589999981e-06 5.800000000000000000e+01
-1.354630825589999981e-06 -1.984544693159999903e-06 5.700000000000000000e+01
-1.984544693159999903e-06 1.251400793780000044e-06 3.400000000000000000e+01
1.251400793780000044e-06 7.268236933550000268e-07 7.600000000000000000e+01
7.268236933550000268e-07 2.296341523930000142e-06 5.600000000000000000e+01
2.296341523930000142e-06 2.283701111869999982e-06 3.600000000000000000e+01
2.283701111869999982e-06 -2.549149765100000154e-07 5.000000000000000000e+01
-2.549149765100000154e-07 -1.453647386710000054e-06 6.000000000000000000e+01
-1.453647386710000054e-06 -4.106027183620000357e-06 2.300000000000000000e+01
-4.106027183620000357e-06 -1.483141681509999955e-06 2.600000000000000000e+01
-1.483141681509999955e-06 -4.112347389649999802e-06 2.300000000000000000e+01
-4.112347389649999802e-06 -3.231732016250000082e-06 1.400000000000000000e+01
-3.231732016250000082e-06 -5.308973064499999554e-07 4.500000000000000000e+01
-5.308973064499999554e-07 -1.622186214150000085e-06 6.100000000000000000e+01
-1.622186214150000085e-06 -2.865160066559999835e-07 6.100000000000000000e+01
-2.865160066559999835e-07 2.150976785259999932e-06 6.900000000000000000e+01
2.150976785259999932e-06 -1.400979003130000048e-06 4.100000000000000000e+01
-1.400979003130000048e-06 2.382717673000000126e-06 4.100000000000000000e+01
2.382717673000000126e-06 7.837055476169999890e-07 5.700000000000000000e+01
7.837055476169999890e-07 -2.490161175489999857e-06 3.700000000000000000e+01
-2.490161175489999857e-06 1.468394534110000004e-06 1.600000000000000000e+01
1.468394534110000004e-06 -2.405891761770000159e-06 3.200000000000000000e+01
-2.405891761770000159e-06 -2.338476230790000203e-06 3.900000000000000000e+01
-2.338476230790000203e-06 -1.434686768620000026e-06 5.400000000000000000e+01
-1.434686768620000026e-06 -4.297740099839999752e-07 6.600000000000000000e+01
-4.297740099839999752e-07 8.237335191349999904e-07 8.000000000000000000e+01
8.237335191349999904e-07 -5.540713952239999960e-07 8.100000000000000000e+01
-5.540713952239999960e-07 -3.088474012920000087e-06 3.500000000000000000e+01
-3.088474012920000087e-06 6.320206029169999375e-08 4.300000000000000000e+01
6.320206029169999375e-08 1.053367671529999987e-07 8.000000000000000000e+01
1.053367671529999987e-07 3.389737166980000028e-06 3.300000000000000000e+01
3.389737166980000028e-06 2.707154915830000101e-06 2.200000000000000000e+01
2.707154915830000101e-06 -8.553345492809999584e-07 3.200000000000000000e+01
-8.553345492809999584e-07 -1.289322029950000028e-06 6.100000000000000000e+01
-1.289322029950000028e-06 2.599711413329999875e-06 3.900000000000000000e+01
2.599711413329999875e-06 3.771056264070000014e-07 4.500000000000000000e+01
3.771056264070000014e-07 -1.738056658019999970e-06 5.500000000000000000e+01
-1.738056658019999970e-06 7.141832812960000015e-07 4.400000000000000000e+01
7.141832812960000015e-07 2.991564187139999806e-06 4.400000000000000000e+01
2.991564187139999806e-06 3.459259433300000199e-06 2.200000000000000000e+01
3.459259433300000199e-06 1.025980112069999930e-06 3.800000000000000000e+01
1.025980112069999930e-06 5.247877739549999678e-06 1.000000000000000000e+01
5.247877739549999678e-06 4.152375361159999577e-06 4.000000000000000000e+00
4.152375361159999577e-06 1.550557212489999911e-06 2.700000000000000000e+01
1.550557212489999911e-06 1.552663947829999914e-06 5.200000000000000000e+01
1.552663947829999914e-06 -1.896061808749999916e-07 6.900000000000000000e+01
-1.896061808749999916e-07 8.742951673680000070e-07 7.900000000000000000e+01
8.742951673680000070e-07 3.096900954290000169e-06 4.400000000000000000e+01
3.096900954290000169e-06 5.330040417930000432e-07 3.900000000000000000e+01
5.330040417930000432e-07 1.714882569249999937e-06 6.800000000000000000e+01
1.714882569249999937e-06 -4.832850876970000137e-06 7.000000000000000000e+00
-4.832850876970000137e-06 -4.617963871979999756e-06 5.000000000000000000e+00
-4.617963871979999756e-06 1.028086847409999933e-06 9.000000000000000000e+00
1.028086847409999933e-06 2.237352934329999916e-06 5.100000000000000000e+01
2.237352934329999916e-06 -1.371484708329999935e-06 4.300000000000000000e+01
-1.371484708329999935e-06 -4.569508959089999827e-06 2.100000000000000000e+01
-4.569508959089999827e-06 2.308981935989999878e-06 6.000000000000000000e+00
2.308981935989999878e-06 -1.537916800430000069e-07 5.400000000000000000e+01
-1.537916800430000069e-07 -1.761230746800000075e-06 5.300000000000000000e+01
-1.761230746800000075e-06 -2.035106341390000047e-06 4.800000000000000000e+01
-2.035106341390000047e-06 -1.285108559259999951e-06 5.700000000000000000e+01
-1.285108559259999951e-06 1.234546911030000019e-06 5.800000000000000000e+01
1.234546911030000019e-06 -2.426959115199999978e-06 3.100000000000000000e+01
-2.426959115199999978e-06 -3.686786850350000210e-07 5.700000000000000000e+01
-3.686786850350000210e-07 3.486646992759999886e-06 2.400000000000000000e+01
3.486646992759999886e-06 3.613051113340000068e-06 2.200000000000000000e+01
3.613051113340000068e-06 -3.526674964280000155e-06 1.100000000000000000e+01
-3.526674964280000155e-06 6.910091925229999892e-07 2.100000000000000000e+01
6.910091925229999892e-07 6.396048501520000208e-06 2.000000000000000000e+00
6.396048501520000208e-06 1.769657688169999946e-07 5.000000000000000000e+00
1.769657688169999946e-07 2.180471080059999833e-06 5.200000000000000000e+01
2.180471080059999833e-06 6.383408089459999625e-06 5.000000000000000000e+00
6.383408089459999625e-06 2.197324962810000070e-06 3.000000000000000000e+00
2.197324962810000070e-06 -4.150268625820000209e-07 5.100000000000000000e+01
-4.150268625820000209e-07 2.835665771750000074e-06 4.400000000000000000e+01
2.835665771750000074e-06 1.188198733480000093e-06 4.000000000000000000e+01
1.188198733480000093e-06 5.962061020849999792e-07 8.100000000000000000e+01
5.962061020849999792e-07 2.382717673000000126e-06 5.200000000000000000e+01
2.382717673000000126e-06 3.672039702949999942e-06 2.900000000000000000e+01
3.672039702949999942e-06 -2.985243981109999938e-06 1.100000000000000000e+01
-2.985243981109999938e-06 -3.402377579040000188e-06 1.600000000000000000e+01
-3.402377579040000188e-06 -1.411512679849999993e-06 3.300000000000000000e+01
-1.411512679849999993e-06 -9.690982578059999375e-08 6.400000000000000000e+01
-9.690982578059999375e-08 -2.184684550749999910e-06 5.000000000000000000e+01
-2.184684550749999910e-06 4.845491289030000085e-07 4.300000000000000000e+01
4.845491289030000085e-07 3.261226311049999983e-06 3.500000000000000000e+01
3.261226311049999983e-06 1.889741602720000048e-06 3.600000000000000000e+01
1.889741602720000048e-06 1.257720999800000053e-06 5.700000000000000000e+01
1.257720999800000053e-06 -2.863053331210000184e-06 2.400000000000000000e+01
-2.863053331210000184e-06 5.351107771360000251e-07 3.200000000000000000e+01
5.351107771360000251e-07 -6.594081623770000212e-07 7.300000000000000000e+01
-6.594081623770000212e-07 4.950828056180000237e-07 7.800000000000000000e+01
4.950828056180000237e-07 1.658000714989999926e-06 6.700000000000000000e+01
1.658000714989999926e-06 -7.141832812960000015e-07 5.800000000000000000e+01
-7.141832812960000015e-07 6.404475442890000502e-07 7.400000000000000000e+01
6.404475442890000502e-07 -8.806153733979999809e-07 6.900000000000000000e+01
-8.806153733979999809e-07 -1.011232964669999979e-06 7.000000000000000000e+01
-1.011232964669999979e-06 -2.361650319569999884e-06 4.300000000000000000e+01
-2.361650319569999884e-06 -2.117269019769999954e-06 4.800000000000000000e+01
-2.117269019769999954e-06 1.525276388370000016e-06 2.700000000000000000e+01
1.525276388370000016e-06 5.646050719390000112e-07 7.700000000000000000e+01
5.646050719390000112e-07 -4.571615694430000042e-07 8.100000000000000000e+01
-4.571615694430000042e-07 4.824423935600000054e-06 1.500000000000000000e+01
4.824423935600000054e-06 2.810384947639999826e-06 9.000000000000000000e+00
2.810384947639999826e-06 1.877101190660000101e-06 3.300000000000000000e+01
1.877101190660000101e-06 3.665719496919999862e-07 6.400000000000000000e+01
3.665719496919999862e-07 -3.855325677789999818e-07 7.500000000000000000e+01
-3.855325677789999818e-07 -1.266147941179999995e-06 6.500000000000000000e+01
-1.266147941179999995e-06 -1.877101190660000101e-06 5.600000000000000000e+01
-1.877101190660000101e-06 -6.446610149750000140e-07 6.600000000000000000e+01
-6.446610149750000140e-07 3.476113316039999941e-06 3.000000000000000000e+01
3.476113316039999941e-06 -3.760522587360000140e-06 1.000000000000000000e+01
-3.760522587360000140e-06 -5.536500481550000307e-06 7.000000000000000000e+00
-5.536500481550000307e-06 3.202237721449999863e-07 3.000000000000000000e+00
3.202237721449999863e-07 -9.606713164340000895e-07 7.200000000000000000e+01
-9.606713164340000895e-07 -1.158704438679999980e-06 6.400000000000000000e+01
-1.158704438679999980e-06 5.426950243709999866e-06 4.000000000000000000e+00
5.426950243709999866e-06 6.012622669080000359e-06 3.000000000000000000e+00
6.012622669080000359e-06 8.848288440840000505e-07 6.000000000000000000e+00
8.848288440840000505e-07 8.932557854559999779e-07 6.900000000000000000e+01
8.932557854559999779e-07 2.332156024759999911e-06 4.800000000000000000e+01
2.332156024759999911e-06 3.223305074880000211e-07 5.500000000000000000e+01
3.223305074880000211e-07 -3.560382729770000239e-07 7.400000000000000000e+01
-3.560382729770000239e-07 -4.141841684449999703e-06 2.200000000000000000e+01
-4.141841684449999703e-06 -5.662904602140000137e-06 7.000000000000000000e+00
-5.662904602140000137e-06 -2.030892870710000041e-06 9.000000000000000000e+00
-2.030892870710000041e-06 3.867966089850000296e-06 1.200000000000000000e+01
3.867966089850000296e-06 4.485239545369999705e-06 1.400000000000000000e+01
4.485239545369999705e-06 -8.174133131060000448e-07 1.400000000000000000e+01
-8.174133131060000448e-07 -3.876393031220000378e-06 3.000000000000000000e+01
-3.876393031220000378e-06 1.664320921009999934e-06 1.500000000000000000e+01
1.664320921009999934e-06 1.057581142210000046e-06 6.600000000000000000e+01
1.057581142210000046e-06 -8.300537251640000419e-07 7.000000000000000000e+01
-8.300537251640000419e-07 -1.211372822259999986e-06 6.500000000000000000e+01
-1.211372822259999986e-06 -4.464172191939999887e-06 2.200000000000000000e+01
-4.464172191939999887e-06 -1.070221554269999994e-06 1.800000000000000000e+01
-1.070221554269999994e-06 2.673447150340000122e-06 4.200000000000000000e+01
2.673447150340000122e-06 1.396765532450000042e-06 4.000000000000000000e+01
1.396765532450000042e-06 9.290702862880000156e-07 6.400000000000000000e+01
9.290702862880000156e-07 3.912207532059999795e-06 2.700000000000000000e+01
3.912207532059999795e-06 1.333563472150000092e-06 2.800000000000000000e+01
1.333563472150000092e-06 -1.221906498970000125e-07 8.300000000000000000e+01
-1.221906498970000125e-07 1.101822584419999969e-06 7.200000000000000000e+01
1.101822584419999969e-06 -5.287905711069999736e-07 7.400000000000000000e+01
-5.287905711069999736e-07 -1.510529240970000065e-06 6.200000000000000000e+01
-1.510529240970000065e-06 3.796337088189999910e-06 1.800000000000000000e+01
3.796337088189999910e-06 2.296341523929999930e-07 2.900000000000000000e+01
2.296341523929999930e-07 7.794920769309999724e-08 7.900000000000000000e+01
7.794920769309999724e-08 1.771764423509999949e-06 6.700000000000000000e+01
1.771764423509999949e-06 6.846889864930000153e-07 7.100000000000000000e+01
6.846889864930000153e-07 4.213470686110000195e-07 7.500000000000000000e+01
4.213470686110000195e-07 -1.601118860720000055e-07 7.500000000000000000e+01
-1.601118860720000055e-07 1.221906498970000072e-06 7.600000000000000000e+01
1.221906498970000072e-06 -1.912915691499999941e-06 4.100000000000000000e+01
-1.912915691499999941e-06 -6.109532494859999582e-07 6.500000000000000000e+01
-6.109532494859999582e-07 -1.573731301259999945e-06 6.000000000000000000e+01
-1.573731301259999945e-06 -3.444512285899999825e-06 2.900000000000000000e+01
-3.444512285899999825e-06 1.095502378390000101e-06 1.900000000000000000e+01
1.095502378390000101e-06 -3.328641842029999834e-07 7.800000000000000000e+01
-3.328641842029999834e-07 6.952226632089999529e-07 8.300000000000000000e+01
6.952226632089999529e-07 -1.032300318100000010e-06 6.500000000000000000e+01
-1.032300318100000010e-06 -4.179762920619999687e-06 2.700000000000000000e+01
-4.179762920619999687e-06 -7.205034873249999471e-07 2.500000000000000000e+01
-7.205034873249999471e-07 -1.293535500640000105e-06 6.000000000000000000e+01
-1.293535500640000105e-06 -1.769657688169999946e-07 6.800000000000000000e+01
-1.769657688169999946e-07 1.198732410200000038e-06 7.600000000000000000e+01
1.198732410200000038e-06 -3.587770289229999820e-06 1.700000000000000000e+01
-3.587770289229999820e-06 -2.317408877360000014e-07 3.400000000000000000e+01
-2.317408877360000014e-07 -2.738755945969999912e-08 7.800000000000000000e+01
-2.738755945969999912e-08 1.542130271120000040e-06 7.500000000000000000e+01
1.542130271120000040e-06 -1.565304359890000074e-06 4.400000000000000000e+01
-1.565304359890000074e-06 -1.333563472150000092e-06 6.000000000000000000e+01
-1.333563472150000092e-06 7.879190183029999528e-07 5.600000000000000000e+01
7.879190183029999528e-07 -2.443812997950000002e-07 7.700000000000000000e+01
-2.443812997950000002e-07 -5.709252779679999568e-07 7.800000000000000000e+01
-5.709252779679999568e-07 1.030193582749999936e-06 8.000000000000000000e+01
1.030193582749999936e-06 -6.109532494859999582e-07 7.100000000000000000e+01
-6.109532494859999582e-07 -4.634817754719999895e-08 7.500000000000000000e+01
-4.634817754719999895e-08 -2.530189147010000127e-06 4.100000000000000000e+01
-2.530189147010000127e-06 -9.943790819229999335e-07 6.400000000000000000e+01
-9.943790819229999335e-07 2.620778766760000117e-06 4.500000000000000000e+01
2.620778766760000117e-06 4.706446756390000378e-06 1.200000000000000000e+01
4.706446756390000378e-06 -4.002797151809999758e-08 1.800000000000000000e+01
-4.002797151809999758e-08 6.720485744350000183e-07 8.200000000000000000e+01
6.720485744350000183e-07 3.771056264070000014e-06 2.800000000000000000e+01
3.771056264070000014e-06 2.738755945969999912e-08 2.300000000000000000e+01
2.738755945969999912e-08 -3.210664662819999840e-06 2.800000000000000000e+01
-3.210664662819999840e-06 -1.272468147210000074e-06 4.000000000000000000e+01
-1.272468147210000074e-06 -2.970496833709999987e-07 6.700000000000000000e+01
-2.970496833709999987e-07 -1.396765532450000042e-06 6.200000000000000000e+01
-1.396765532450000042e-06 -2.235246198980000054e-06 4.100000000000000000e+01
-2.235246198980000054e-06 3.600410701279999909e-06 1.500000000000000000e+01
3.600410701279999909e-06 1.002806023290000037e-06 3.600000000000000000e+01
1.002806023290000037e-06 -1.323029795440000006e-06 6.100000000000000000e+01
-1.323029795440000006e-06 -3.766842793390000008e-06 2.600000000000000000e+01
-3.766842793390000008e-06 -6.564587328959999604e-06 3.000000000000000000e+00
-6.564587328959999604e-06 2.696621239109999944e-07 2.000000000000000000e+00
2.696621239109999944e-07 2.782997388180000140e-06 4.500000000000000000e+01
2.782997388180000140e-06 -8.089863717340000115e-07 2.900000000000000000e+01
-8.089863717340000115e-07 -1.272468147210000074e-06 6.000000000000000000e+01
-1.272468147210000074e-06 8.953625207989999598e-07 6.000000000000000000e+01
8.953625207989999598e-07 -4.567402223750000036e-06 8.000000000000000000e+00
-4.567402223750000036e-06 -2.709261651169999892e-06 1.400000000000000000e+01
-2.709261651169999892e-06 3.248585898989999824e-06 1.100000000000000000e+01
3.248585898989999824e-06 -4.561082017719999744e-06 6.000000000000000000e+00
-4.561082017719999744e-06 -2.294234788589999927e-06 1.800000000000000000e+01
-2.294234788589999927e-06 -1.413619415189999996e-06 5.600000000000000000e+01
-1.413619415189999996e-06 -3.263333046390000198e-06 3.600000000000000000e+01
-3.263333046390000198e-06 4.192403332679999847e-07 2.800000000000000000e+01
4.192403332679999847e-07 1.959263869039999902e-07 7.700000000000000000e+01
1.959263869039999902e-07 -1.708562363220000069e-06 5.600000000000000000e+01
-1.708562363220000069e-06 -3.503500875500000051e-06 2.900000000000000000e+01
-3.503500875500000051e-06 1.432580033280000023e-06 1.400000000000000000e+01
1.432580033280000023e-06 4.148161890479999995e-06 2.300000000000000000e+01
4.148161890479999995e-06 -1.424153091909999941e-06 1.100000000000000000e+01
-1.424153091909999941e-06 3.728921557209999848e-07 6.200000000000000000e+01
3.728921557209999848e-07 -2.519655470299999830e-06 4.000000000000000000e+01
-2.519655470299999830e-06 -1.032300318100000036e-07 5.500000000000000000e+01
-1.032300318100000036e-07 3.754202381329999849e-06 2.900000000000000000e+01
3.754202381329999849e-06 1.952943663010000140e-06 3.400000000000000000e+01
1.952943663010000140e-06 2.401678291080000082e-06 4.000000000000000000e+01
2.401678291080000082e-06 -1.735949922679999968e-06 3.000000000000000000e+01
-1.735949922679999968e-06 3.143249131839999884e-06 2.900000000000000000e+01
3.143249131839999884e-06 2.349009907510000148e-06 2.600000000000000000e+01
2.349009907510000148e-06 -2.353223378190000153e-06 2.300000000000000000e+01
-2.353223378190000153e-06 2.401678291080000082e-07 4.000000000000000000e+01
2.401678291080000082e-07 -1.221906498970000125e-07 7.800000000000000000e+01
-1.221906498970000125e-07 -5.627090101299999873e-06 6.000000000000000000e+00
-5.627090101299999873e-06 -5.827229958889999880e-06 2.000000000000000000e+00
-5.827229958889999880e-06 -2.928362126849999926e-06 5.000000000000000000e+00
-2.928362126849999926e-06 -8.511210785949999947e-07 5.600000000000000000e+01
-8.511210785949999947e-07 1.915022426840000156e-06 6.500000000000000000e+01
1.915022426840000156e-06 -5.351107771360000251e-07 5.500000000000000000e+01
-5.351107771360000251e-07 -6.657283684059999668e-07 7.800000000000000000e+01
-6.657283684059999668e-07 -9.164298742300000185e-07 7.300000000000000000e+01
-9.164298742300000185e-07 1.135530349909999947e-06 7.100000000000000000e+01
1.135530349909999947e-06 -5.603916012530000475e-07 7.000000000000000000e+01
-5.603916012530000475e-07 1.097609113730000104e-06 7.800000000000000000e+01
1.097609113730000104e-06 4.782289228740000417e-06 1.700000000000000000e+01
4.782289228740000417e-06 9.627780517770000713e-07 1.400000000000000000e+01
9.627780517770000713e-07 -7.078630752669999500e-07 7.200000000000000000e+01
-7.078630752669999500e-07 7.036496045809999863e-07 7.800000000000000000e+01
7.036496045809999863e-07 1.301962442009999976e-06 7.400000000000000000e+01
1.301962442009999976e-06 1.211372822259999986e-06 6.500000000000000000e+01
1.211372822259999986e-06 5.308973064499999554e-07 8.100000000000000000e+01
5.308973064499999554e-07 -1.211372822259999986e-06 6.500000000000000000e+01
-1.211372822259999986e-06 -5.414309831659999989e-07 6.600000000000000000e+01
-5.414309831659999989e-07 -2.490161175489999857e-06 4.100000000000000000e+01
-2.490161175489999857e-06 -5.032990734560000144e-06 5.000000000000000000e+00
-5.032990734560000144e-06 -2.302661729960000010e-06 1.400000000000000000e+01
-2.302661729960000010e-06 -1.238760381720000096e-06 5.600000000000000000e+01
-1.238760381720000096e-06 7.036496045809999863e-07 6.100000000000000000e+01
7.036496045809999863e-07 -3.372883284229999792e-06 2.500000000000000000e+01
-3.372883284229999792e-06 -1.731736451990000102e-06 3.000000000000000000e+01
-1.731736451990000102e-06 -3.939595091519999905e-07 6.500000000000000000e+01
-3.939595091519999905e-07 1.306175912699999947e-07 7.900000000000000000e+01
1.306175912699999947e-07 -1.143957291280000030e-06 7.000000000000000000e+01
-1.143957291280000030e-06 1.495782093569999903e-07 7.100000000000000000e+01
1.495782093569999903e-07 3.492967198790000177e-06 3.400000000000000000e+01
3.492967198790000177e-06 -9.712049931489999988e-07 1.700000000000000000e+01
-9.712049931489999988e-07 2.245779875699999998e-06 5.200000000000000000e+01
2.245779875699999998e-06 3.636225202120000173e-06 3.100000000000000000e+01
3.636225202120000173e-06 -4.375689307530000112e-06 7.000000000000000000e+00
-4.375689307530000112e-06 -3.046339306060000026e-06 1.500000000000000000e+01
-3.046339306060000026e-06 -1.306175912700000052e-06 4.600000000000000000e+01
-1.306175912700000052e-06 6.446610149750000140e-07 6.200000000000000000e+01
6.446610149750000140e-07 2.142549843889999849e-06 5.400000000000000000e+01
2.142549843889999849e-06 -2.540722823730000072e-06 2.300000000000000000e+01
-2.540722823730000072e-06 2.431172585890000055e-06 1.500000000000000000e+01
2.431172585890000055e-06 4.308273776550000155e-06 1.800000000000000000e+01
4.308273776550000155e-06 -2.186791286090000125e-06 7.000000000000000000e+00
-2.186791286090000125e-06 -2.258420287760000158e-06 4.700000000000000000e+01
-2.258420287760000158e-06 -8.363739311929999875e-07 6.400000000000000000e+01
-8.363739311929999875e-07 2.249993346380000004e-06 5.500000000000000000e+01
2.249993346380000004e-06 1.049154200839999963e-06 5.800000000000000000e+01
1.049154200839999963e-06 1.213479557599999989e-06 6.700000000000000000e+01
1.213479557599999989e-06 -9.585645810909998959e-07 6.500000000000000000e+01
-9.585645810909998959e-07 -1.213479557599999989e-06 6.600000000000000000e+01
-1.213479557599999989e-06 1.040727259470000092e-06 6.700000000000000000e+01
1.040727259470000092e-06 3.412911255750000167e-07 8.800000000000000000e+01
3.412911255750000167e-07 3.792123617499999833e-07 7.800000000000000000e+01
3.792123617499999833e-07 -2.212072110210000126e-07 7.400000000000000000e+01
-2.212072110210000126e-07 3.960662444949999724e-06 2.600000000000000000e+01
3.960662444949999724e-06 4.801249846829999597e-06 8.000000000000000000e+00
4.801249846829999597e-06 -8.448008725660000491e-07 1.200000000000000000e+01
-8.448008725660000491e-07 1.765444217480000081e-06 6.800000000000000000e+01
1.765444217480000081e-06 3.423444932470000006e-06 3.500000000000000000e+01
3.423444932470000006e-06 1.310389383380000058e-06 4.200000000000000000e+01
1.310389383380000058e-06 -1.047047465499999960e-06 6.900000000000000000e+01
-1.047047465499999960e-06 6.846889864930000153e-07 7.100000000000000000e+01
6.846889864930000153e-07 -2.544936294410000078e-06 4.100000000000000000e+01
-2.544936294410000078e-06 -2.365863790249999889e-06 3.500000000000000000e+01
-2.365863790249999889e-06 -2.153083520600000147e-06 4.600000000000000000e+01
-2.153083520600000147e-06 -1.641146832239999901e-06 5.400000000000000000e+01
-1.641146832239999901e-06 -2.797744535580000090e-06 4.200000000000000000e+01
-2.797744535580000090e-06 -3.800550558869999916e-06 1.500000000000000000e+01
-3.800550558869999916e-06 -8.974692561420000475e-07 3.400000000000000000e+01
-8.974692561420000475e-07 -4.379902778209999694e-06 2.500000000000000000e+01
-4.379902778209999694e-06 -1.938196515610000189e-06 2.000000000000000000e+01
-1.938196515610000189e-06 -1.388338591070000100e-06 5.400000000000000000e+01
-1.388338591070000100e-06 7.689584002160000101e-07 5.500000000000000000e+01
7.689584002160000101e-07 4.276672746400000392e-06 2.000000000000000000e+01
4.276672746400000392e-06 -2.401678291080000082e-07 1.500000000000000000e+01
-2.401678291080000082e-07 9.080029328569999569e-07 7.700000000000000000e+01
9.080029328569999569e-07 6.257003968879999654e-07 7.500000000000000000e+01
6.257003968879999654e-07 -1.400979003130000048e-06 6.200000000000000000e+01
-1.400979003130000048e-06 9.522443750619999503e-07 5.600000000000000000e+01
9.522443750619999503e-07 1.691708480470000045e-06 6.000000000000000000e+01
1.691708480470000045e-06 1.407299209159999916e-06 5.500000000000000000e+01
1.407299209159999916e-06 3.023165217289999993e-06 4.100000000000000000e+01
3.023165217289999993e-06 -2.127802696490000057e-07 3.300000000000000000e+01
-2.127802696490000057e-07 -2.195218227460000207e-06 4.900000000000000000e+01
-2.195218227460000207e-06 2.281594376530000191e-06 1.900000000000000000e+01
2.281594376530000191e-06 3.193810780070000027e-06 3.600000000000000000e+01
3.193810780070000027e-06 1.558984153859999994e-06 4.000000000000000000e+01
1.558984153859999994e-06 2.629205708130000199e-06 4.200000000000000000e+01
2.629205708130000199e-06 -4.845491289030000085e-07 4.300000000000000000e+01
-4.845491289030000085e-07 -4.464172191939999887e-06 2.200000000000000000e+01
-4.464172191939999887e-06 -3.012631540570000154e-07 1.600000000000000000e+01
-3.012631540570000154e-07 3.136928925810000016e-06 3.400000000000000000e+01
3.136928925810000016e-06 3.507714346190000128e-06 2.100000000000000000e+01
3.507714346190000128e-06 5.502792716059999905e-06 3.000000000000000000e+00
5.502792716059999905e-06 7.773853415880000434e-07 7.000000000000000000e+00
7.773853415880000434e-07 -2.323729083389999829e-06 4.000000000000000000e+01
-2.323729083389999829e-06 -1.390445326420000015e-07 5.400000000000000000e+01
-1.390445326420000015e-07 -2.793531064890000013e-06 3.600000000000000000e+01
-2.793531064890000013e-06 -5.561781305669999779e-07 5.500000000000000000e+01
-5.561781305669999779e-07 -2.361650319569999884e-06 4.300000000000000000e+01
-2.361650319569999884e-06 -1.384125120390000094e-06 5.500000000000000000e+01
-1.384125120390000094e-06 2.913614979449999975e-06 3.200000000000000000e+01
2.913614979449999975e-06 -2.026679400019999964e-06 2.100000000000000000e+01
-2.026679400019999964e-06 -2.983137245770000146e-06 3.800000000000000000e+01
-2.983137245770000146e-06 2.624992237450000194e-06 8.000000000000000000e+00
2.624992237450000194e-06 1.110249525790000051e-06 4.900000000000000000e+01
1.110249525790000051e-06 -1.489461887540000035e-06 5.300000000000000000e+01
-1.489461887540000035e-06 -2.351116642849999939e-06 4.100000000000000000e+01
-2.351116642849999939e-06 2.127802696489999899e-06 1.700000000000000000e+01
2.127802696489999899e-06 7.879190183029999528e-07 5.900000000000000000e+01
7.879190183029999528e-07 -4.782289228739999570e-07 8.200000000000000000e+01
-4.782289228739999570e-07 -7.879190183029999528e-07 7.300000000000000000e+01
-7.879190183029999528e-07 -6.741553097780000001e-07 7.300000000000000000e+01
-6.741553097780000001e-07 3.876393031220000166e-07 7.800000000000000000e+01
3.876393031220000166e-07 -1.660107450329999929e-06 5.600000000000000000e+01
-1.660107450329999929e-06 -7.478910467849999514e-07 7.100000000000000000e+01
-7.478910467849999514e-07 4.023864505240000239e-07 7.600000000000000000e+01
4.023864505240000239e-07 -3.265439781739999848e-07 7.600000000000000000e+01
-3.265439781739999848e-07 1.278788353239999942e-06 7.500000000000000000e+01
1.278788353239999942e-06 -3.073726865520000136e-06 2.000000000000000000e+01
-3.073726865520000136e-06 -2.374290731619999972e-06 2.500000000000000000e+01
-2.374290731619999972e-06 4.032291446610000110e-06 1.000000000000000000e+01
4.032291446610000110e-06 3.033698893999999972e-07 2.200000000000000000e+01
3.033698893999999972e-07 2.900974567389999816e-06 4.700000000000000000e+01
2.900974567389999816e-06 3.924847944110000307e-06 2.100000000000000000e+01
3.924847944110000307e-06 -4.114454124989999593e-06 7.000000000000000000e+00
-4.114454124989999593e-06 1.554770683179999988e-06 1.400000000000000000e+01
1.554770683179999988e-06 1.693815215819999907e-06 4.600000000000000000e+01
1.693815215819999907e-06 -3.707854203780000029e-07 6.500000000000000000e+01
-3.707854203780000029e-07 2.266847229129999817e-06 6.100000000000000000e+01
2.266847229129999817e-06 3.147462602529999960e-06 3.500000000000000000e+01
3.147462602529999960e-06 -1.388338591070000100e-06 2.000000000000000000e+01
-1.388338591070000100e-06 -5.146754443090000238e-06 9.000000000000000000e+00
-5.146754443090000238e-06 -1.558984153859999994e-06 1.500000000000000000e+01
-1.558984153859999994e-06 3.267546517079999851e-06 2.700000000000000000e+01
3.267546517079999851e-06 4.007010622489999791e-06 2.200000000000000000e+01
4.007010622489999791e-06 1.516849446999999933e-06 3.000000000000000000e+01
1.516849446999999933e-06 4.950828056180000237e-07 7.500000000000000000e+01
4.950828056180000237e-07 1.419939621220000076e-06 7.100000000000000000e+01
1.419939621220000076e-06 -1.757017276109999998e-06 4.100000000000000000e+01
-1.757017276109999998e-06 8.448008725660000491e-07 4.100000000000000000e+01
8.448008725660000491e-07 1.247187323089999967e-06 6.700000000000000000e+01
1.247187323089999967e-06 4.141841684449999703e-06 2.300000000000000000e+01
4.141841684449999703e-06 3.610944377999999854e-06 1.200000000000000000e+01
3.610944377999999854e-06 -2.340582966140000065e-06 1.200000000000000000e+01
-2.340582966140000065e-06 -3.084260542230000010e-06 3.700000000000000000e+01
-3.084260542230000010e-06 5.161501590489999765e-07 2.800000000000000000e+01
5.161501590489999765e-07 4.192403332679999847e-07 7.300000000000000000e+01
4.192403332679999847e-07 2.380610937649999999e-07 7.500000000000000000e+01
2.380610937649999999e-07 4.373582572190000321e-06 2.400000000000000000e+01
4.373582572190000321e-06 5.287905711070000371e-06 6.000000000000000000e+00
5.287905711070000371e-06 2.096201666340000135e-06 8.000000000000000000e+00
2.096201666340000135e-06 -1.318816324749999929e-06 4.300000000000000000e+01
-1.318816324749999929e-06 3.122181778410000065e-06 3.200000000000000000e+01
3.122181778410000065e-06 -4.466278927279999890e-07 2.900000000000000000e+01
-4.466278927279999890e-07 7.457843114419999695e-07 8.100000000000000000e+01
7.457843114419999695e-07 3.400270843689999902e-06 3.700000000000000000e+01
3.400270843689999902e-06 -5.007709910449999896e-06 3.000000000000000000e+00
-5.007709910449999896e-06 -2.393251349710000000e-06 1.600000000000000000e+01
-2.393251349710000000e-06 -5.646050719390000112e-07 6.400000000000000000e+01
-5.646050719390000112e-07 -4.167122508570000022e-06 2.700000000000000000e+01
-4.167122508570000022e-06 -3.764736058040000146e-06 1.100000000000000000e+01
-3.764736058040000146e-06 -2.317408877359999961e-06 1.900000000000000000e+01
-2.317408877359999961e-06 1.546343741800000046e-06 2.000000000000000000e+01
1.546343741800000046e-06 2.330049289420000120e-06 4.300000000000000000e+01
2.330049289420000120e-06 -1.752803805419999921e-06 3.000000000000000000e+01
-1.752803805419999921e-06 -2.283701111869999982e-06 4.500000000000000000e+01
-2.283701111869999982e-06 -1.904488750119999999e-06 4.700000000000000000e+01
-1.904488750119999999e-06 1.611652537440000000e-06 3.200000000000000000e+01
1.611652537440000000e-06 1.478928210829999949e-06 5.200000000000000000e+01
1.478928210829999949e-06 -8.820900881379999971e-06 1.000000000000000000e+00
-8.820900881379999971e-06 -3.933274885489999614e-06 1.000000000000000000e+00
-3.933274885489999614e-06 -1.306175912699999947e-07 2.300000000000000000e+01
-1.306175912699999947e-07 -3.189597309390000021e-06 3.300000000000000000e+01
-3.189597309390000021e-06 4.415717279049999958e-06 4.000000000000000000e+00
4.415717279049999958e-06 3.745775439950000119e-06 1.100000000000000000e+01
3.745775439950000119e-06 1.468394534110000004e-06 3.300000000000000000e+01
1.468394534110000004e-06 2.871480272589999915e-06 3.900000000000000000e+01
2.871480272589999915e-06 2.313195406679999955e-06 3.000000000000000000e+01
2.313195406679999955e-06 1.531596594400000096e-06 4.200000000000000000e+01
1.531596594400000096e-06 -2.032999606049999832e-06 4.000000000000000000e+01
-2.032999606049999832e-06 -7.815988122740000072e-07 6.600000000000000000e+01
-7.815988122740000072e-07 3.926954679460000169e-06 2.000000000000000000e+01
3.926954679460000169e-06 1.419939621220000076e-06 3.000000000000000000e+01
1.419939621220000076e-06 -3.145355867180000098e-06 1.900000000000000000e+01
-3.145355867180000098e-06 -5.814589546840000003e-07 4.400000000000000000e+01
-5.814589546840000003e-07 5.671331543510000219e-06 7.000000000000000000e+00
5.671331543510000219e-06 5.336360623960000300e-06 3.000000000000000000e+00
5.336360623960000300e-06 1.274574882550000077e-06 1.000000000000000000e+01
1.274574882550000077e-06 2.724008798569999842e-06 4.300000000000000000e+01
2.724008798569999842e-06 -8.405874018799999795e-07 3.100000000000000000e+01
-8.405874018799999795e-07 -4.013330828520000082e-06 2.600000000000000000e+01
-4.013330828520000082e-06 -6.109532494859999582e-08 1.900000000000000000e+01
-6.109532494859999582e-08 3.206451192130000187e-06 3.400000000000000000e+01
3.206451192130000187e-06 -2.624992237450000194e-06 1.300000000000000000e+01
-2.624992237450000194e-06 -2.970496833709999987e-06 3.300000000000000000e+01
-2.970496833709999987e-06 1.615866008120000006e-06 1.600000000000000000e+01
1.615866008120000006e-06 -2.753503093370000167e-06 2.400000000000000000e+01
-2.753503093370000167e-06 7.815988122740000072e-07 3.100000000000000000e+01
7.815988122740000072e-07 3.657292555549999991e-06 2.900000000000000000e+01
3.657292555549999991e-06 -2.254206817070000081e-06 1.400000000000000000e+01
-2.254206817070000081e-06 -1.242973852399999943e-07 5.400000000000000000e+01
-1.242973852399999943e-07 1.963477339730000085e-06 6.800000000000000000e+01
1.963477339730000085e-06 8.848288440839999446e-08 6.300000000000000000e+01
8.848288440839999446e-08 9.080029328569999569e-07 8.400000000000000000e+01
9.080029328569999569e-07 -1.643253567579999957e-07 8.000000000000000000e+01
-1.643253567579999957e-07 -2.060387165509999942e-06 5.300000000000000000e+01
-2.060387165509999942e-06 6.889024571789999791e-07 4.200000000000000000e+01
6.889024571789999791e-07 3.598303965940000118e-06 3.400000000000000000e+01
3.598303965940000118e-06 1.049154200839999963e-06 3.600000000000000000e+01
1.049154200839999963e-06 1.643253567579999957e-07 9.000000000000000000e+01
1.643253567579999957e-07 -3.374990019580000077e-06 2.900000000000000000e+01
-3.374990019580000077e-06 -5.022457057850000270e-06 1.100000000000000000e+01
-5.022457057850000270e-06 -8.068796363910000296e-07 1.200000000000000000e+01
-8.068796363910000296e-07 -9.522443750619999503e-07 7.200000000000000000e+01
-9.522443750619999503e-07 -3.417124726440000138e-06 3.400000000000000000e+01
-3.417124726440000138e-06 -9.185366095730000004e-07 4.100000000000000000e+01
-9.185366095730000004e-07 2.947322744939999954e-06 3.700000000000000000e+01
2.947322744939999954e-06 -1.365164502300000067e-06 2.400000000000000000e+01
-1.365164502300000067e-06 1.476821475480000087e-06 5.400000000000000000e+01
1.476821475480000087e-06 2.886227419989999865e-06 3.800000000000000000e+01
2.886227419989999865e-06 2.738755945969999912e-08 3.700000000000000000e+01
2.738755945969999912e-08 2.125695961140000036e-06 6.000000000000000000e+01
2.125695961140000036e-06 4.613750401290000208e-07 5.700000000000000000e+01
4.613750401290000208e-07 1.885528132040000043e-06 6.100000000000000000e+01
1.885528132040000043e-06 -9.543511104049999321e-07 6.000000000000000000e+01
-9.543511104049999321e-07 -4.571615694430000042e-07 7.100000000000000000e+01
-4.571615694430000042e-07 1.636933361550000036e-06 7.200000000000000000e+01
1.636933361550000036e-06 -1.213479557599999989e-06 5.500000000000000000e+01
-1.213479557599999989e-06 2.450133203970000011e-06 4.200000000000000000e+01
2.450133203970000011e-06 -4.318807453270000100e-07 4.800000000000000000e+01
-4.318807453270000100e-07 2.507015058240000094e-06 5.700000000000000000e+01
2.507015058240000094e-06 3.400270843689999902e-06 3.200000000000000000e+01
3.400270843689999902e-06 -2.789317594210000008e-06 1.300000000000000000e+01
-2.789317594210000008e-06 -4.308273776550000155e-06 1.300000000000000000e+01
-4.308273776550000155e-06 -4.508413634140000162e-06 1.100000000000000000e+01
-4.508413634140000162e-06 -6.415009119610000235e-06 3.000000000000000000e+00
-6.415009119610000235e-06 -4.059679006070000220e-06 1.000000000000000000e+00
-4.059679006070000220e-06 1.261934470489999918e-06 1.400000000000000000e+01
1.261934470489999918e-06 -4.308273776550000155e-06 9.000000000000000000e+00
-4.308273776550000155e-06 -7.226102226680000348e-07 2.100000000000000000e+01
-7.226102226680000348e-07 -1.251400793780000044e-06 6.300000000000000000e+01
-1.251400793780000044e-06 -3.960662444949999724e-06 2.600000000000000000e+01
-3.960662444949999724e-06 -1.910808956150000079e-06 2.000000000000000000e+01
-1.910808956150000079e-06 -2.445919733290000005e-06 4.500000000000000000e+01
-2.445919733290000005e-06 1.424153091909999941e-06 1.800000000000000000e+01
1.424153091909999941e-06 -2.970496833709999987e-07 6.800000000000000000e+01
-2.970496833709999987e-07 -4.213470686110000261e-09 7.700000000000000000e+01
-4.213470686110000261e-09 -1.518956182339999936e-06 5.700000000000000000e+01
-1.518956182339999936e-06 2.488054440150000066e-06 3.800000000000000000e+01
2.488054440150000066e-06 5.877791607130000518e-07 5.300000000000000000e+01
5.877791607130000518e-07 1.818112601060000086e-06 6.000000000000000000e+01
1.818112601060000086e-06 2.772463711460000195e-06 3.600000000000000000e+01
2.772463711460000195e-06 1.476821475480000087e-06 4.100000000000000000e+01
1.476821475480000087e-06 2.089881460309999844e-06 4.800000000000000000e+01
2.089881460309999844e-06 -2.528082411670000071e-08 5.300000000000000000e+01
-2.528082411670000071e-08 -1.436793503960000029e-06 6.400000000000000000e+01
-1.436793503960000029e-06 3.048446041399999817e-06 3.200000000000000000e+01
3.048446041399999817e-06 4.061785741410000011e-06 2.400000000000000000e+01
4.061785741410000011e-06 -3.042125835369999949e-06 1.100000000000000000e+01
-3.042125835369999949e-06 2.993670922480000020e-06 6.000000000000000000e+00
2.993670922480000020e-06 -1.238760381720000096e-06 2.400000000000000000e+01
-1.238760381720000096e-06 -9.080029328569999569e-07 6.600000000000000000e+01
-9.080029328569999569e-07 -8.426941372229999481e-09 7.600000000000000000e+01
-8.426941372229999481e-09 -4.131308007729999758e-06 2.200000000000000000e+01
-4.131308007729999758e-06 -4.074426153469999747e-06 1.400000000000000000e+01
-4.074426153469999747e-06 1.702242157189999989e-06 1.300000000000000000e+01
1.702242157189999989e-06 -1.891848338060000051e-06 3.900000000000000000e+01
-1.891848338060000051e-06 -1.921342632870000024e-06 4.800000000000000000e+01
-1.921342632870000024e-06 -1.540023535769999967e-06 5.200000000000000000e+01
-1.540023535769999967e-06 1.011232964669999979e-06 4.800000000000000000e+01
1.011232964669999979e-06 -1.794938512279999982e-06 4.700000000000000000e+01
-1.794938512279999982e-06 2.949429480280000036e-08 6.000000000000000000e+01
2.949429480280000036e-08 1.757017276109999998e-06 6.900000000000000000e+01
1.757017276109999998e-06 4.249285186950000353e-06 2.100000000000000000e+01
4.249285186950000353e-06 6.366554206720000306e-06 1.000000000000000000e+00
6.366554206720000306e-06 -1.264041205830000027e-07 4.000000000000000000e+00
-1.264041205830000027e-07 2.460666880689999956e-06 6.200000000000000000e+01
2.460666880689999956e-06 5.260518151610000261e-06 5.000000000000000000e+00
5.260518151610000261e-06 3.269653252420000066e-06 4.000000000000000000e+00
3.269653252420000066e-06 1.011232964669999979e-06 4.000000000000000000e+01
1.011232964669999979e-06 2.528082411669999806e-07 8.800000000000000000e+01
2.528082411669999806e-07 2.317408877359999947e-08 7.800000000000000000e+01
2.317408877359999947e-08 -7.815988122740000072e-07 7.700000000000000000e+01
-7.815988122740000072e-07 -4.908693349320000176e-06 1.900000000000000000e+01
-4.908693349320000176e-06 -4.666418784869999685e-06 5.000000000000000000e+00
-4.666418784869999685e-06 -2.823025359699999986e-06 1.300000000000000000e+01
-2.823025359699999986e-06 -1.832859748459999931e-07 4.900000000000000000e+01
-1.832859748459999931e-07 1.499995564259999980e-06 7.500000000000000000e+01
1.499995564259999980e-06 -1.856033837230000070e-06 4.200000000000000000e+01
-1.856033837230000070e-06 -1.097609113730000104e-06 5.900000000000000000e+01
-1.097609113730000104e-06 1.872887719980000095e-06 5.800000000000000000e+01
1.872887719980000095e-06 6.193801908590000198e-07 6.800000000000000000e+01
6.193801908590000198e-07 -5.146754443090000238e-06 7.000000000000000000e+00
-5.146754443090000238e-06 -2.711368386510000106e-06 1.300000000000000000e+01
-2.711368386510000106e-06 -3.665719496919999862e-07 5.400000000000000000e+01
-3.665719496919999862e-07 -2.987350716450000152e-06 3.300000000000000000e+01
-2.987350716450000152e-06 -9.248568156020000518e-07 5.300000000000000000e+01
-9.248568156020000518e-07 1.723309510620000020e-06 6.400000000000000000e+01
1.723309510620000020e-06 3.229625280909999867e-06 3.500000000000000000e+01
3.229625280909999867e-06 3.749988910640000196e-06 2.400000000000000000e+01
3.749988910640000196e-06 1.940303250960000051e-06 3.500000000000000000e+01
1.940303250960000051e-06 5.814589546840000003e-07 6.300000000000000000e+01
5.814589546840000003e-07 1.980331222469999826e-06 5.400000000000000000e+01
1.980331222469999826e-06 9.269635509450000072e-08 6.400000000000000000e+01
9.269635509450000072e-08 4.407290337669999804e-06 2.100000000000000000e+01
4.407290337669999804e-06 1.967690810410000090e-06 2.000000000000000000e+01
1.967690810410000090e-06 5.070911970740000199e-06 1.300000000000000000e+01
5.070911970740000199e-06 7.240849374089999735e-06 1.000000000000000000e+00
7.240849374089999735e-06 6.370767677399999889e-06 1.000000000000000000e+00
6.370767677399999889e-06 6.046330434570000126e-07 5.000000000000000000e+00
6.046330434570000126e-07 1.843393425169999911e-06 6.000000000000000000e+01
1.843393425169999911e-06 6.200122114619999854e-06 4.000000000000000000e+00
6.200122114619999854e-06 3.996476945779999917e-06 5.000000000000000000e+00
3.996476945779999917e-06 2.886227419989999865e-06 1.700000000000000000e+01
2.886227419989999865e-06 -2.858839860530000179e-06 1.700000000000000000e+01
-2.858839860530000179e-06 -4.440998103160000206e-06 1.000000000000000000e+01
-4.440998103160000206e-06 -1.660107450329999929e-06 2.200000000000000000e+01
-1.660107450329999929e-06 -6.509812210039999596e-07 6.800000000000000000e+01
-6.509812210039999596e-07 -2.471200557409999901e-06 4.000000000000000000e+01
-2.471200557409999901e-06 -9.269635509450000072e-08 5.500000000000000000e+01
-9.269635509450000072e-08 2.485947704810000169e-07 8.000000000000000000e+01
2.485947704810000169e-07 3.497180669469999971e-07 8.500000000000000000e+01
3.497180669469999971e-07 -3.419231461779999929e-06 2.800000000000000000e+01
-3.419231461779999929e-06 -4.611643665950000311e-06 1.200000000000000000e+01
-4.611643665950000311e-06 -1.371484708329999935e-06 1.800000000000000000e+01
-1.371484708329999935e-06 -2.161510461979999877e-06 4.500000000000000000e+01
-2.161510461979999877e-06 -1.409405944499999919e-06 5.400000000000000000e+01
-1.409405944499999919e-06 8.300537251640000419e-07 5.500000000000000000e+01
8.300537251640000419e-07 1.160811174019999983e-06 7.500000000000000000e+01
1.160811174019999983e-06 -1.133423614560000085e-06 6.700000000000000000e+01
-1.133423614560000085e-06 1.365164502300000067e-06 6.000000000000000000e+01
1.365164502300000067e-06 2.949429480280000168e-06 4.400000000000000000e+01
2.949429480280000168e-06 6.151667201729999502e-07 3.900000000000000000e+01
6.151667201729999502e-07 2.011932252620000013e-06 5.600000000000000000e+01
2.011932252620000013e-06 -3.191704044729999812e-06 1.400000000000000000e+01
-3.191704044729999812e-06 -3.248585898989999824e-06 1.800000000000000000e+01
-3.248585898989999824e-06 -2.386931143680000132e-06 2.400000000000000000e+01
-2.386931143680000132e-06 3.560382729770000239e-07 3.700000000000000000e+01
3.560382729770000239e-07 5.290012446410000162e-06 1.300000000000000000e+01
5.290012446410000162e-06 -6.067397787999999945e-07 9.000000000000000000e+00
-6.067397787999999945e-07 -5.376388595480000146e-06 9.000000000000000000e+00
-5.376388595480000146e-06 -2.028786135360000179e-06 9.000000000000000000e+00
-2.028786135360000179e-06 -2.231032728300000048e-06 4.700000000000000000e+01
-2.231032728300000048e-06 -3.349709195460000182e-07 6.100000000000000000e+01
-3.349709195460000182e-07 6.387621560150000125e-06 3.000000000000000000e+00
6.387621560150000125e-06 4.276672746400000392e-06 4.000000000000000000e+00
4.276672746400000392e-06 9.648847871200000532e-07 2.300000000000000000e+01
9.648847871200000532e-07 8.764019027120000171e-07 6.800000000000000000e+01
8.764019027120000171e-07 3.771056264070000014e-07 8.200000000000000000e+01
3.771056264070000014e-07 8.785086380549999990e-07 8.500000000000000000e+01
8.785086380549999990e-07 -1.769657688169999946e-07 8.000000000000000000e+01
-1.769657688169999946e-07 1.790725041600000029e-07 7.700000000000000000e+01
1.790725041600000029e-07 -3.659399290890000206e-06 2.200000000000000000e+01
-3.659399290890000206e-06 7.036496045809999863e-07 2.300000000000000000e+01
7.036496045809999863e-07 6.320206029169999375e-08 7.700000000000000000e+01
6.320206029169999375e-08 -1.837073219149999902e-06 5.500000000000000000e+01
-1.837073219149999902e-06 -1.388338591070000100e-06 5.600000000000000000e+01
-1.388338591070000100e-06 1.413619415189999996e-06 5.000000000000000000e+01
1.413619415189999996e-06 1.799151982970000059e-06 5.500000000000000000e+01
1.799151982970000059e-06 7.984526950179999680e-07 6.900000000000000000e+01
7.984526950179999680e-07 -2.652379796909999880e-06 3.300000000000000000e+01
-2.652379796909999880e-06 -2.490161175489999857e-06 3.200000000000000000e+01
-2.490161175489999857e-06 4.400970131649999584e-06 5.000000000000000000e+00
4.400970131649999584e-06 -4.634817754720000027e-07 1.700000000000000000e+01
-4.634817754720000027e-07 1.731736451990000102e-06 6.700000000000000000e+01
1.731736451990000102e-06 2.983137245770000146e-06 3.600000000000000000e+01
2.983137245770000146e-06 -2.113055549089999948e-06 2.000000000000000000e+01
-2.113055549089999948e-06 1.936089780269999974e-06 2.100000000000000000e+01
1.936089780269999974e-06 4.464172191939999887e-06 1.800000000000000000e+01
4.464172191939999887e-06 -6.699418390920000364e-07 1.500000000000000000e+01
-6.699418390920000364e-07 -8.637614906529999918e-07 7.500000000000000000e+01
-8.637614906529999918e-07 -1.200839145540000041e-06 6.800000000000000000e+01
-1.200839145540000041e-06 -4.424144220419999723e-08 7.000000000000000000e+01
-4.424144220419999723e-08 1.693815215819999907e-06 6.900000000000000000e+01
1.693815215819999907e-06 -6.467677503179999958e-07 5.600000000000000000e+01
-6.467677503179999958e-07 -4.030184711270000318e-06 2.700000000000000000e+01
-4.030184711270000318e-06 -4.942401114809999731e-06 1.300000000000000000e+01
-4.942401114809999731e-06 -3.535101905649999815e-06 1.100000000000000000e+01
-3.535101905649999815e-06 -2.711368386510000106e-06 2.100000000000000000e+01
-2.711368386510000106e-06 -6.762620451209999820e-07 5.600000000000000000e+01
-6.762620451209999820e-07 -1.525276388370000016e-06 5.900000000000000000e+01
-1.525276388370000016e-06 2.401678291080000082e-07 6.400000000000000000e+01
2.401678291080000082e-07 3.168529955960000203e-06 3.600000000000000000e+01
3.168529955960000203e-06 5.540713952239999960e-07 3.500000000000000000e+01
5.540713952239999960e-07 2.669233679650000046e-06 5.000000000000000000e+01
2.669233679650000046e-06 -9.922723465799999516e-07 2.900000000000000000e+01
-9.922723465799999516e-07 6.362340736029999806e-07 7.800000000000000000e+01
6.362340736029999806e-07 8.848288440840000505e-07 8.000000000000000000e+01
8.848288440840000505e-07 7.837055476169999890e-07 6.900000000000000000e+01
7.837055476169999890e-07 -2.148870049919999876e-07 7.500000000000000000e+01
-2.148870049919999876e-07 -1.523169653030000013e-06 5.500000000000000000e+01
-1.523169653030000013e-06 -3.385523696289999951e-06 2.900000000000000000e+01
-3.385523696289999951e-06 -3.543528847019999897e-06 1.800000000000000000e+01
-3.543528847019999897e-06 1.084968701669999944e-06 1.900000000000000000e+01
1.084968701669999944e-06 -4.655885108149999846e-07 7.300000000000000000e+01
-4.655885108149999846e-07 1.148170761969999895e-06 7.800000000000000000e+01
1.148170761969999895e-06 5.298439387790000316e-06 8.000000000000000000e+00
5.298439387790000316e-06 -3.918527738090000086e-07 1.000000000000000000e+01
-3.918527738090000086e-07 1.558984153859999994e-06 7.500000000000000000e+01
1.558984153859999994e-06 8.405874018799999795e-07 7.000000000000000000e+01
8.405874018799999795e-07 -6.339166647260000196e-06 1.000000000000000000e+00
-6.339166647260000196e-06 -6.105319024179999788e-06 2.000000000000000000e+00
-6.105319024179999788e-06 7.099698106100000378e-07 4.000000000000000000e+00
7.099698106100000378e-07 3.990156739749999625e-06 2.600000000000000000e+01
3.990156739749999625e-06 -9.901656112370000492e-08 1.900000000000000000e+01
-9.901656112370000492e-08 1.474714740140000084e-07 7.500000000000000000e+01
1.474714740140000084e-07 5.652370925420000192e-06 7.000000000000000000e+00
5.652370925420000192e-06 1.889741602720000048e-06 5.000000000000000000e+00
1.889741602720000048e-06 -7.584247234999999931e-08 6.500000000000000000e+01
-7.584247234999999931e-08 -1.207159351569999909e-06 6.800000000000000000e+01
-1.207159351569999909e-06 -3.139035661150000124e-07 6.700000000000000000e+01
-3.139035661150000124e-07 5.056164823340000142e-08 7.600000000000000000e+01
5.056164823340000142e-08 -1.226119969659999937e-06 6.800000000000000000e+01
-1.226119969659999937e-06 2.844092713129999804e-06 3.500000000000000000e+01
2.844092713129999804e-06 1.769657688169999946e-06 3.600000000000000000e+01
1.769657688169999946e-06 -1.900275279439999993e-06 3.600000000000000000e+01
-1.900275279439999993e-06 2.719795327889999836e-06 3.000000000000000000e+01
2.719795327889999836e-06 1.782298100230000105e-06 3.500000000000000000e+01
1.782298100230000105e-06 -5.035097469909999794e-07 6.000000000000000000e+01
-5.035097469909999794e-07 -1.915022426840000156e-06 5.700000000000000000e+01
-1.915022426840000156e-06 4.571615694430000042e-07 4.700000000000000000e+01
4.571615694430000042e-07 2.637632649509999929e-06 5.100000000000000000e+01
2.637632649509999929e-06 -1.632719890870000030e-06 2.400000000000000000e+01
-1.632719890870000030e-06 -2.534402617700000204e-06 4.400000000000000000e+01
-2.534402617700000204e-06 -2.022465929329999887e-06 4.200000000000000000e+01
-2.022465929329999887e-06 -2.928362126849999820e-07 5.900000000000000000e+01
-2.928362126849999820e-07 3.176956897329999862e-06 3.300000000000000000e+01
3.176956897329999862e-06 -8.616547553100000099e-07 1.900000000000000000e+01
-8.616547553100000099e-07 2.298448259269999933e-06 5.300000000000000000e+01
2.298448259269999933e-06 2.536509353039999995e-06 3.200000000000000000e+01
2.536509353039999995e-06 1.019659906040000062e-06 5.300000000000000000e+01
1.019659906040000062e-06 2.540722823730000072e-06 4.800000000000000000e+01
2.540722823730000072e-06 -1.365164502300000067e-06 2.900000000000000000e+01
-1.365164502300000067e-06 -1.727522981310000044e-07 6.600000000000000000e+01
-1.727522981310000044e-07 -1.133423614560000085e-06 6.800000000000000000e+01
-1.133423614560000085e-06 2.559683441810000028e-06 3.900000000000000000e+01
