-9.045216630890000174e-06 -7.813143933660000252e-07 1.370000000000000000e+02
-7.813143933660000252e-07 -1.391674526299999965e-05 6.400000000000000000e+01
-1.391674526299999965e-05 -6.040161271789999686e-06 1.460000000000000000e+02
-6.040161271789999686e-06 -1.879829074640000090e-06 2.200000000000000000e+02
-1.879829074640000090e-06 -9.682956157090000448e-08 4.060000000000000000e+02
-9.682956157090000448e-08 7.379080381789999767e-07 4.950000000000000000e+02
7.379080381789999767e-07 2.073488197780000022e-06 5.340000000000000000e+02
2.073488197780000022e-06 -3.686201240489999890e-06 3.770000000000000000e+02
-3.686201240489999890e-06 -1.884169710150000008e-05 6.400000000000000000e+01
-1.884169710150000008e-05 -1.613714727840000096e-05 1.370000000000000000e+02
-1.613714727840000096e-05 -1.425064030289999989e-05 1.720000000000000000e+02
-1.425064030289999989e-05 -1.084491089589999998e-05 1.830000000000000000e+02
-1.084491089589999998e-05 -1.267131676420000010e-05 1.940000000000000000e+02
-1.267131676420000010e-05 -6.661206045999999973e-06 1.570000000000000000e+02
-6.661206045999999973e-06 -1.666136249099999983e-06 2.040000000000000000e+02
-1.666136249099999983e-06 5.826468446250000214e-06 4.660000000000000000e+02
5.826468446250000214e-06 1.702864703490000051e-05 2.310000000000000000e+02
1.702864703490000051e-05 9.729701462679999534e-06 2.260000000000000000e+02
9.729701462679999534e-06 3.596049579719999947e-06 5.730000000000000000e+02
3.596049579719999947e-06 2.791362533560000169e-06 6.110000000000000000e+02
2.791362533560000169e-06 4.814766475359999682e-06 6.300000000000000000e+02
4.814766475359999682e-06 9.295637910810000744e-06 5.920000000000000000e+02
9.295637910810000744e-06 1.086828354870000054e-05 5.040000000000000000e+02
1.086828354870000054e-05 5.185389969640000175e-06 5.470000000000000000e+02
5.185389969640000175e-06 1.332241209199999952e-06 5.810000000000000000e+02
1.332241209199999952e-06 7.706297520890000092e-06 5.650000000000000000e+02
7.706297520890000092e-06 6.350683658890000218e-06 6.440000000000000000e+02
6.350683658890000218e-06 3.435779960570000167e-06 6.500000000000000000e+02
3.435779960570000167e-06 4.781376971370000166e-06 6.400000000000000000e+02
4.781376971370000166e-06 7.352368778590000098e-06 6.480000000000000000e+02
7.352368778590000098e-06 5.008425598500000248e-06 6.460000000000000000e+02
5.008425598500000248e-06 1.276814632579999975e-05 4.640000000000000000e+02
1.276814632579999975e-05 1.652446552460000152e-05 2.080000000000000000e+02
1.652446552460000152e-05 1.173307170209999944e-05 2.230000000000000000e+02
1.173307170209999944e-05 6.364039460490000052e-06 5.200000000000000000e+02
6.364039460490000052e-06 8.387443402280000341e-06 6.300000000000000000e+02
8.387443402280000341e-06 9.392467472380000180e-06 5.810000000000000000e+02
9.392467472380000180e-06 2.520907551239999847e-06 5.530000000000000000e+02
2.520907551239999847e-06 2.367315832889999984e-06 5.740000000000000000e+02
2.367315832889999984e-06 7.793110231260000500e-06 5.930000000000000000e+02
7.793110231260000500e-06 3.762997099670000068e-06 6.360000000000000000e+02
3.762997099670000068e-06 -2.570991807230000003e-06 4.340000000000000000e+02
-2.570991807230000003e-06 8.233851683929999208e-06 3.700000000000000000e+02
8.233851683929999208e-06 5.475878654360000249e-07 5.240000000000000000e+02
5.475878654360000249e-07 4.854833880139999891e-06 5.610000000000000000e+02
4.854833880139999891e-06 6.046839172589999603e-06 6.580000000000000000e+02
6.046839172589999603e-06 3.696218091690000189e-06 6.600000000000000000e+02
3.696218091690000189e-06 5.566030315129999768e-06 6.540000000000000000e+02
5.566030315129999768e-06 6.891593623530000015e-06 6.570000000000000000e+02
6.891593623530000015e-06 7.355707728990000057e-06 6.460000000000000000e+02
7.355707728990000057e-06 3.759658149270000110e-06 6.430000000000000000e+02
3.759658149270000110e-06 7.793110231260000500e-06 6.280000000000000000e+02
7.793110231260000500e-06 1.256780930180000053e-05 4.590000000000000000e+02
1.256780930180000053e-05 7.038507441089999608e-06 4.680000000000000000e+02
7.038507441089999608e-06 1.313876982010000039e-05 4.400000000000000000e+02
1.313876982010000039e-05 1.857792002000000151e-05 1.470000000000000000e+02
1.857792002000000151e-05 9.215503101230000183e-06 1.700000000000000000e+02
9.215503101230000183e-06 5.839824247850000049e-06 6.110000000000000000e+02
5.839824247850000049e-06 1.238750598030000051e-06 5.750000000000000000e+02
1.238750598030000051e-06 -7.679585917700000123e-08 5.010000000000000000e+02
-7.679585917700000123e-08 9.205486250039999531e-06 4.800000000000000000e+02
9.205486250039999531e-06 9.091961936469999454e-06 5.680000000000000000e+02
9.091961936469999454e-06 1.793016364260000035e-06 5.510000000000000000e+02
1.793016364260000035e-06 2.096860850570000085e-06 5.590000000000000000e+02
2.096860850570000085e-06 8.938370218120000014e-06 5.630000000000000000e+02
8.938370218120000014e-06 1.181654546209999925e-05 4.750000000000000000e+02
1.181654546209999925e-05 1.122221229100000054e-05 4.190000000000000000e+02
1.122221229100000054e-05 1.204693303959999993e-05 4.040000000000000000e+02
1.204693303959999993e-05 1.488837982909999990e-05 2.770000000000000000e+02
1.488837982909999990e-05 9.632871901110000098e-06 3.280000000000000000e+02
9.632871901110000098e-06 1.821731337689999990e-05 1.810000000000000000e+02
1.821731337689999990e-05 8.731355293379999613e-06 1.840000000000000000e+02
8.731355293379999613e-06 7.879922941639999284e-06 6.060000000000000000e+02
7.879922941639999284e-06 1.900530567109999890e-05 1.610000000000000000e+02
1.900530567109999890e-05 6.577732286030000371e-06 1.490000000000000000e+02
6.577732286030000371e-06 -2.644448716009999800e-06 4.040000000000000000e+02
-2.644448716009999800e-06 2.601042360819999984e-06 4.210000000000000000e+02
2.601042360819999984e-06 5.759689438270000335e-06 6.200000000000000000e+02
5.759689438270000335e-06 6.591088087620000135e-06 6.630000000000000000e+02
6.591088087620000135e-06 8.547713021439999769e-07 5.640000000000000000e+02
8.547713021439999769e-07 9.482619133150000123e-07 5.180000000000000000e+02
9.482619133150000123e-07 6.928322077920000336e-06 5.710000000000000000e+02
6.928322077920000336e-06 1.144258301739999950e-05 5.380000000000000000e+02
1.144258301739999950e-05 8.681271037400000162e-07 4.280000000000000000e+02
8.681271037400000162e-07 4.751326417769999690e-06 5.670000000000000000e+02
4.751326417769999690e-06 1.240753968269999984e-05 4.820000000000000000e+02
1.240753968269999984e-05 9.472602281960000741e-06 4.400000000000000000e+02
9.472602281960000741e-06 2.564313906430000086e-06 5.520000000000000000e+02
2.564313906430000086e-06 -1.512544530749999908e-06 4.800000000000000000e+02
-1.512544530749999908e-06 6.096923428569999689e-06 4.690000000000000000e+02
6.096923428569999689e-06 1.270470626819999969e-05 4.690000000000000000e+02
1.270470626819999969e-05 7.185421258639999977e-06 4.620000000000000000e+02
7.185421258639999977e-06 5.933314859020000374e-06 6.510000000000000000e+02
5.933314859020000374e-06 -4.601073649820000209e-06 3.030000000000000000e+02
-4.601073649820000209e-06 -3.151969176650000010e-06 2.480000000000000000e+02
-3.151969176650000010e-06 1.856456421839999956e-06 3.870000000000000000e+02
1.856456421839999956e-06 4.090214238769999970e-06 5.900000000000000000e+02
4.090214238769999970e-06 1.404362537819999977e-05 3.800000000000000000e+02
1.404362537819999977e-05 1.106862057269999976e-05 3.360000000000000000e+02
1.106862057269999976e-05 1.204693303959999993e-05 4.100000000000000000e+02
1.204693303959999993e-05 1.030733988170000043e-05 4.330000000000000000e+02
1.030733988170000043e-05 9.045216630890000174e-06 5.410000000000000000e+02
9.045216630890000174e-06 1.264794411139999954e-05 4.360000000000000000e+02
1.264794411139999954e-05 -5.342320638399999856e-07 3.120000000000000000e+02
-5.342320638399999856e-07 1.943269132219999799e-06 5.010000000000000000e+02
1.943269132219999799e-06 3.776352901269999903e-06 5.910000000000000000e+02
3.776352901269999903e-06 4.507583038649999885e-06 6.440000000000000000e+02
4.507583038649999885e-06 6.574393335630000413e-06 6.530000000000000000e+02
6.574393335630000413e-06 -1.335580159599999911e-06 4.620000000000000000e+02
-1.335580159599999911e-06 1.086828354870000054e-05 3.560000000000000000e+02
1.086828354870000054e-05 5.943331710220000250e-06 5.560000000000000000e+02
5.943331710220000250e-06 5.515946059139999611e-06 6.660000000000000000e+02
5.515946059139999611e-06 5.676215678299999886e-06 6.650000000000000000e+02
5.676215678299999886e-06 4.934968689719999605e-06 6.620000000000000000e+02
4.934968689719999605e-06 -3.278849291819999922e-06 3.890000000000000000e+02
-3.278849291819999922e-06 -6.644511294010000251e-07 3.450000000000000000e+02
-6.644511294010000251e-07 6.801441962759999649e-06 5.000000000000000000e+02
6.801441962759999649e-06 3.449135762170000002e-06 6.460000000000000000e+02
3.449135762170000002e-06 -2.971665855110000019e-07 5.250000000000000000e+02
-2.971665855110000019e-07 -9.649566653099999820e-07 4.410000000000000000e+02
-9.649566653099999820e-07 2.017393831070000024e-05 3.500000000000000000e+01
2.017393831070000024e-05 9.155401994049999374e-06 1.130000000000000000e+02
9.155401994049999374e-06 8.173750576750000093e-06 5.950000000000000000e+02
8.173750576750000093e-06 5.505929207949999806e-06 6.400000000000000000e+02
5.505929207949999806e-06 7.439181488969999729e-06 6.460000000000000000e+02
7.439181488969999729e-06 1.453445108679999990e-05 3.600000000000000000e+02
1.453445108679999990e-05 7.308962423409999930e-06 3.730000000000000000e+02
7.308962423409999930e-06 9.759752016269999939e-06 5.950000000000000000e+02
9.759752016269999939e-06 -3.522592670940000151e-06 2.800000000000000000e+02
-3.522592670940000151e-06 -6.300599402910000132e-06 1.950000000000000000e+02
-6.300599402910000132e-06 3.138613375059999823e-06 2.390000000000000000e+02
3.138613375059999823e-06 2.190351461739999987e-06 5.860000000000000000e+02
2.190351461739999987e-06 5.409099646380000370e-06 6.160000000000000000e+02
5.409099646380000370e-06 6.941677879520000171e-06 6.570000000000000000e+02
6.941677879520000171e-06 5.425794398370000092e-06 6.560000000000000000e+02
5.425794398370000092e-06 1.225728691469999916e-05 4.980000000000000000e+02
1.225728691469999916e-05 1.220386370829999982e-05 3.710000000000000000e+02
1.220386370829999982e-05 1.519222431539999966e-05 2.610000000000000000e+02
1.519222431539999966e-05 7.322318224999999693e-06 3.360000000000000000e+02
7.322318224999999693e-06 7.342351927400000293e-06 6.430000000000000000e+02
7.342351927400000293e-06 6.457530071660000377e-06 6.510000000000000000e+02
6.457530071660000377e-06 2.333926328900000044e-06 6.180000000000000000e+02
2.333926328900000044e-06 4.764682219370000372e-06 6.160000000000000000e+02
4.764682219370000372e-06 3.482525266159999941e-06 6.460000000000000000e+02
3.482525266159999941e-06 3.025089061490000169e-06 6.170000000000000000e+02
3.025089061490000169e-06 1.527903702579999859e-05 2.860000000000000000e+02
1.527903702579999859e-05 1.713549344769999918e-05 1.480000000000000000e+02
1.713549344769999918e-05 7.342351927400000293e-06 2.300000000000000000e+02
7.342351927400000293e-06 -2.350621080890000190e-06 4.070000000000000000e+02
-2.350621080890000190e-06 5.158678366449999729e-06 4.400000000000000000e+02
5.158678366449999729e-06 1.008029125460000056e-05 5.710000000000000000e+02
1.008029125460000056e-05 1.279485792899999942e-05 4.020000000000000000e+02
1.279485792899999942e-05 9.015166077289999699e-06 4.320000000000000000e+02
9.015166077289999699e-06 -7.779754429669999889e-07 4.420000000000000000e+02
-7.779754429669999889e-07 3.970012024410000046e-06 5.000000000000000000e+02
3.970012024410000046e-06 8.814829053359999497e-07 5.590000000000000000e+02
8.814829053359999497e-07 7.596112157719999974e-06 5.510000000000000000e+02
7.596112157719999974e-06 7.055202193080000177e-06 6.440000000000000000e+02
7.055202193080000177e-06 -2.036759743389999912e-07 5.080000000000000000e+02
-2.036759743389999912e-07 7.275572919420000414e-06 5.110000000000000000e+02
7.275572919420000414e-06 4.250483857920000174e-06 6.460000000000000000e+02
4.250483857920000174e-06 4.587717848220000375e-06 6.560000000000000000e+02
4.587717848220000375e-06 5.035137201689999847e-06 6.580000000000000000e+02
5.035137201689999847e-06 4.320601816300000011e-06 6.610000000000000000e+02
4.320601816300000011e-06 5.963365412609999931e-06 6.580000000000000000e+02
5.963365412609999931e-06 4.100231089969999846e-06 6.590000000000000000e+02
4.100231089969999846e-06 -3.856487710839999969e-06 3.620000000000000000e+02
-3.856487710839999969e-06 -3.262154539820000128e-06 2.650000000000000000e+02
-3.262154539820000128e-06 3.963334123610000129e-06 3.990000000000000000e+02
3.963334123610000129e-06 4.597734699420000251e-06 6.500000000000000000e+02
4.597734699420000251e-06 6.177058238150000462e-07 5.570000000000000000e+02
6.177058238150000462e-07 -1.312207506810000059e-06 4.540000000000000000e+02
-1.312207506810000059e-06 3.909910917230000085e-06 4.840000000000000000e+02
3.909910917230000085e-06 3.318916696600000131e-06 6.270000000000000000e+02
3.318916696600000131e-06 4.474193534660000369e-06 6.390000000000000000e+02
4.474193534660000369e-06 2.607720261619999902e-06 6.130000000000000000e+02
2.607720261619999902e-06 5.976721214209999766e-06 6.200000000000000000e+02
5.976721214209999766e-06 2.283842072909999888e-06 6.200000000000000000e+02
2.283842072909999888e-06 7.272233969019999608e-06 6.000000000000000000e+02
7.272233969019999608e-06 1.253441979779999925e-05 4.730000000000000000e+02
1.253441979779999925e-05 3.045122763889999921e-06 4.400000000000000000e+02
3.045122763889999921e-06 4.080197387580000165e-06 6.250000000000000000e+02
4.080197387580000165e-06 5.552674513529999933e-06 6.580000000000000000e+02
5.552674513529999933e-06 6.804780913159999607e-06 6.580000000000000000e+02
6.804780913159999607e-06 3.031766962290000086e-06 6.390000000000000000e+02
3.031766962290000086e-06 -2.357298981690000108e-06 4.370000000000000000e+02
-2.357298981690000108e-06 -7.679585917699999859e-07 3.730000000000000000e+02
-7.679585917699999859e-07 6.120296081360000176e-06 5.040000000000000000e+02
6.120296081360000176e-06 2.210385164140000162e-06 6.110000000000000000e+02
2.210385164140000162e-06 6.701273450790000253e-06 6.070000000000000000e+02
6.701273450790000253e-06 1.335580159599999964e-07 5.310000000000000000e+02
1.335580159599999964e-07 -1.308868556410000101e-06 4.450000000000000000e+02
-1.308868556410000101e-06 6.420801617270000055e-06 4.750000000000000000e+02
6.420801617270000055e-06 1.208700044439999943e-05 5.090000000000000000e+02
1.208700044439999943e-05 1.038079679049999952e-05 4.260000000000000000e+02
1.038079679049999952e-05 1.677822575499999838e-05 2.210000000000000000e+02
1.677822575499999838e-05 7.866567140039999449e-06 2.510000000000000000e+02
7.866567140039999449e-06 6.544342782040000220e-07 5.390000000000000000e+02
6.544342782040000220e-07 7.896617693629999854e-06 5.390000000000000000e+02
7.896617693629999854e-06 1.294177174650000028e-05 4.390000000000000000e+02
1.294177174650000028e-05 4.477532485060000327e-06 4.430000000000000000e+02
4.477532485060000327e-06 4.901579185730000089e-06 6.620000000000000000e+02
4.901579185730000089e-06 1.195010347800000028e-05 5.010000000000000000e+02
1.195010347800000028e-05 3.689540190889999848e-06 4.770000000000000000e+02
3.689540190889999848e-06 7.152031754649999614e-06 6.380000000000000000e+02
7.152031754649999614e-06 1.181988441250000006e-05 5.150000000000000000e+02
1.181988441250000006e-05 8.728016342980000501e-06 4.850000000000000000e+02
8.728016342980000501e-06 3.108562821469999842e-06 5.960000000000000000e+02
3.108562821469999842e-06 -2.831429938350000026e-06 4.100000000000000000e+02
-2.831429938350000026e-06 2.130250354560000025e-06 4.130000000000000000e+02
2.130250354560000025e-06 1.288834854009999925e-06 5.470000000000000000e+02
1.288834854009999925e-06 -6.978406333909999646e-07 4.860000000000000000e+02
-6.978406333909999646e-07 4.384041873879999932e-06 5.040000000000000000e+02
4.384041873879999932e-06 3.953317272410000253e-06 6.490000000000000000e+02
3.953317272410000253e-06 4.470854584260000410e-06 6.480000000000000000e+02
4.470854584260000410e-06 4.888223384130000254e-06 6.620000000000000000e+02
4.888223384130000254e-06 4.177026949149999601e-06 6.560000000000000000e+02
4.177026949149999601e-06 7.609467959319999809e-06 6.360000000000000000e+02
7.609467959319999809e-06 9.055233482080000826e-06 6.050000000000000000e+02
9.055233482080000826e-06 -9.482619133150000123e-07 4.330000000000000000e+02
-9.482619133150000123e-07 9.232197853230000823e-06 4.350000000000000000e+02
9.232197853230000823e-06 6.771391409170000091e-06 6.080000000000000000e+02
6.771391409170000091e-06 7.399114084180000296e-06 6.460000000000000000e+02
7.399114084180000296e-06 2.914903698330000122e-06 6.220000000000000000e+02
2.914903698330000122e-06 -2.534263352840000105e-06 4.280000000000000000e+02
-2.534263352840000105e-06 8.914997565320000303e-07 4.120000000000000000e+02
8.914997565320000303e-07 5.098577259269999767e-06 5.730000000000000000e+02
5.098577259269999767e-06 4.303907064310000289e-06 6.620000000000000000e+02
4.303907064310000289e-06 5.909942206229999675e-07 5.510000000000000000e+02
5.909942206229999675e-07 -3.025089061490000169e-06 3.880000000000000000e+02
-3.025089061490000169e-06 6.280565700519999604e-06 3.880000000000000000e+02
6.280565700519999604e-06 1.002019014739999961e-05 5.860000000000000000e+02
1.002019014739999961e-05 4.607751550619999809e-07 4.640000000000000000e+02
4.607751550619999809e-07 1.013371446099999990e-05 4.740000000000000000e+02
1.013371446099999990e-05 8.874930160540000094e-06 5.490000000000000000e+02
8.874930160540000094e-06 1.031067883209999954e-05 5.440000000000000000e+02
1.031067883209999954e-05 1.611377462559999870e-05 2.500000000000000000e+02
1.611377462559999870e-05 1.601360611360000164e-05 1.570000000000000000e+02
1.601360611360000164e-05 1.346598695920000071e-05 2.170000000000000000e+02
1.346598695920000071e-05 7.629501661710000337e-06 4.200000000000000000e+02
7.629501661710000337e-06 2.507551749650000083e-06 5.990000000000000000e+02
2.507551749650000083e-06 1.599357241120000104e-06 5.620000000000000000e+02
1.599357241120000104e-06 -1.175310540449999919e-05 7.400000000000000000e+01
-1.175310540449999919e-05 -1.165961479330000035e-05 1.930000000000000000e+02
-1.165961479330000035e-05 -1.231404907149999930e-05 1.930000000000000000e+02
-1.231404907149999930e-05 -1.606035141919999937e-05 1.760000000000000000e+02
-1.606035141919999937e-05 -1.481158397000000071e-05 1.710000000000000000e+02
-1.481158397000000071e-05 -1.437418146769999921e-05 1.780000000000000000e+02
-1.437418146769999921e-05 -5.318947985599999933e-06 1.330000000000000000e+02
-5.318947985599999933e-06 -5.041815102489999764e-07 2.680000000000000000e+02
-5.041815102489999764e-07 -7.121981201060000056e-06 1.970000000000000000e+02
-7.121981201060000056e-06 -1.345597010799999999e-06 1.880000000000000000e+02
-1.345597010799999999e-06 1.356949442149999957e-05 2.310000000000000000e+02
1.356949442149999957e-05 1.080484349119999949e-05 3.610000000000000000e+02
1.080484349119999949e-05 1.412042123739999967e-05 3.380000000000000000e+02
1.412042123739999967e-05 1.197347613080000084e-05 3.040000000000000000e+02
1.197347613080000084e-05 6.427479518069999973e-06 5.090000000000000000e+02
6.427479518069999973e-06 1.039749154250000016e-05 5.730000000000000000e+02
1.039749154250000016e-05 1.257782615299999956e-05 4.020000000000000000e+02
1.257782615299999956e-05 1.004356280020000017e-05 4.200000000000000000e+02
1.004356280020000017e-05 1.162622528930000076e-05 4.550000000000000000e+02
1.162622528930000076e-05 1.118548383660000014e-05 4.240000000000000000e+02
1.118548383660000014e-05 2.247113618530000060e-06 4.830000000000000000e+02
2.247113618530000060e-06 -1.939930181819999840e-06 4.600000000000000000e+02
-1.939930181819999840e-06 9.606160297920000499e-06 3.650000000000000000e+02
9.606160297920000499e-06 5.242152126430000249e-06 5.930000000000000000e+02
5.242152126430000249e-06 6.657867095600000014e-06 6.600000000000000000e+02
6.657867095600000014e-06 -1.358952812389999974e-06 4.600000000000000000e+02
-1.358952812389999974e-06 -9.282282109209999215e-06 1.370000000000000000e+02
-9.282282109209999215e-06 1.031735673290000073e-06 1.280000000000000000e+02
1.031735673290000073e-06 7.038507441089999608e-06 5.680000000000000000e+02
7.038507441089999608e-06 5.759689438270000335e-06 6.560000000000000000e+02
5.759689438270000335e-06 2.704549823190000185e-06 6.300000000000000000e+02
2.704549823190000185e-06 1.116878908459999950e-05 4.990000000000000000e+02
1.116878908459999950e-05 1.284160323449999983e-05 3.770000000000000000e+02
1.284160323449999983e-05 8.724677392579999695e-06 4.370000000000000000e+02
8.724677392579999695e-06 -4.440804030670000112e-07 4.640000000000000000e+02
-4.440804030670000112e-07 6.821475665150000177e-06 5.090000000000000000e+02
6.821475665150000177e-06 4.143637445160000085e-06 6.560000000000000000e+02
4.143637445160000085e-06 1.452443423560000087e-06 5.750000000000000000e+02
1.452443423560000087e-06 3.338950398999999777e-07 5.210000000000000000e+02
3.338950398999999777e-07 2.961649003909999825e-06 5.360000000000000000e+02
2.961649003909999825e-06 5.385726993579999812e-06 6.310000000000000000e+02
5.385726993579999812e-06 9.789802569860000343e-06 5.800000000000000000e+02
9.789802569860000343e-06 7.589434256920000057e-06 5.850000000000000000e+02
7.589434256920000057e-06 3.602727480519999864e-06 6.390000000000000000e+02
3.602727480519999864e-06 9.302315811610000661e-06 5.730000000000000000e+02
9.302315811610000661e-06 8.521001418240000099e-06 5.790000000000000000e+02
8.521001418240000099e-06 2.250452568919999948e-06 5.710000000000000000e+02
2.250452568919999948e-06 3.459152613359999807e-06 5.990000000000000000e+02
3.459152613359999807e-06 2.417400088870000069e-06 6.000000000000000000e+02
2.417400088870000069e-06 9.005149226100000740e-06 5.650000000000000000e+02
9.005149226100000740e-06 1.128899129899999971e-05 4.960000000000000000e+02
1.128899129899999971e-05 6.280565700519999604e-06 5.430000000000000000e+02
6.280565700519999604e-06 1.257114825219999965e-05 4.770000000000000000e+02
1.257114825219999965e-05 5.863196900639999689e-06 4.800000000000000000e+02
5.863196900639999689e-06 2.310553676109999981e-06 6.200000000000000000e+02
2.310553676109999981e-06 9.329027414800000260e-06 5.530000000000000000e+02
9.329027414800000260e-06 -4.006740478800000156e-07 4.500000000000000000e+02
-4.006740478800000156e-07 5.509268158349999765e-06 5.290000000000000000e+02
5.509268158349999765e-06 6.948355780320000089e-06 6.560000000000000000e+02
6.948355780320000089e-06 1.676153100300000071e-06 5.890000000000000000e+02
1.676153100300000071e-06 9.926699536219999213e-06 5.200000000000000000e+02
9.926699536219999213e-06 9.379111670790000416e-06 5.430000000000000000e+02
9.379111670790000416e-06 6.784747210759999855e-06 6.060000000000000000e+02
6.784747210759999855e-06 1.091502885429999996e-05 5.560000000000000000e+02
1.091502885429999996e-05 1.358952812389999932e-05 3.530000000000000000e+02
1.358952812389999932e-05 1.542928979380000097e-05 2.290000000000000000e+02
1.542928979380000097e-05 1.122221229100000054e-05 2.680000000000000000e+02
1.122221229100000054e-05 8.614492029420000495e-07 4.370000000000000000e+02
8.614492029420000495e-07 1.208366149400000032e-05 3.950000000000000000e+02
1.208366149400000032e-05 9.863259478639999292e-06 4.460000000000000000e+02
9.863259478639999292e-06 7.145353853860000402e-07 4.860000000000000000e+02
7.145353853860000402e-07 3.606066430920000035e-07 5.060000000000000000e+02
3.606066430920000035e-07 4.677869508999999965e-06 5.560000000000000000e+02
4.677869508999999965e-06 7.743025975280000414e-06 6.380000000000000000e+02
7.743025975280000414e-06 1.010700285780000023e-05 5.750000000000000000e+02
1.010700285780000023e-05 4.193721701140000171e-06 5.730000000000000000e+02
4.193721701140000171e-06 4.754665368169999649e-06 6.590000000000000000e+02
4.754665368169999649e-06 7.859889239239999532e-06 6.360000000000000000e+02
7.859889239239999532e-06 5.038476152089999806e-06 6.420000000000000000e+02
5.038476152089999806e-06 2.470823295260000185e-06 6.180000000000000000e+02
2.470823295260000185e-06 4.724614814580000092e-06 6.200000000000000000e+02
4.724614814580000092e-06 1.497185358909999971e-05 3.330000000000000000e+02
1.497185358909999971e-05 1.409704858460000080e-05 2.330000000000000000e+02
1.409704858460000080e-05 6.514292228449999604e-06 3.950000000000000000e+02
6.514292228449999604e-06 -1.803033215459999912e-06 4.470000000000000000e+02
-1.803033215459999912e-06 5.429133348770000051e-06 4.610000000000000000e+02
5.429133348770000051e-06 1.203357723800000009e-05 5.050000000000000000e+02
1.203357723800000009e-05 1.534581603380000115e-05 2.560000000000000000e+02
1.534581603380000115e-05 7.008456887500000050e-06 3.300000000000000000e+02
7.008456887500000050e-06 1.147931147179999990e-05 5.320000000000000000e+02
1.147931147179999990e-05 8.801473251759999450e-06 5.020000000000000000e+02
8.801473251759999450e-06 3.619422232510000010e-06 6.070000000000000000e+02
3.619422232510000010e-06 2.447450642470000121e-06 6.010000000000000000e+02
2.447450642470000121e-06 -4.464176683459999646e-06 3.390000000000000000e+02
-4.464176683459999646e-06 -4.904918136130000048e-06 2.090000000000000000e+02
-4.904918136130000048e-06 -9.789802569860000343e-06 1.540000000000000000e+02
-9.789802569860000343e-06 -9.459246480359999212e-06 1.830000000000000000e+02
-9.459246480359999212e-06 -3.569337976529999925e-06 1.530000000000000000e+02
-3.569337976529999925e-06 -6.858204119539999652e-06 1.920000000000000000e+02
-6.858204119539999652e-06 -1.182322336289999917e-05 1.640000000000000000e+02
-1.182322336289999917e-05 -1.238082807950000017e-05 1.940000000000000000e+02
-1.238082807950000017e-05 -6.066872874980000132e-06 1.530000000000000000e+02
-6.066872874980000132e-06 -1.058447276480000095e-06 2.290000000000000000e+02
-1.058447276480000095e-06 -3.422424158969999908e-06 3.340000000000000000e+02
-3.422424158969999908e-06 1.093506255669999972e-05 2.420000000000000000e+02
1.093506255669999972e-05 6.233820394930000253e-06 5.550000000000000000e+02
6.233820394930000253e-06 6.694595549990000336e-06 6.540000000000000000e+02
6.694595549990000336e-06 6.978406333909999646e-06 6.520000000000000000e+02
6.978406333909999646e-06 -9.015166077290000334e-07 4.810000000000000000e+02
-9.015166077290000334e-07 4.450820881859999811e-06 5.000000000000000000e+02
4.450820881859999811e-06 1.686169951490000088e-06 5.850000000000000000e+02
1.686169951490000088e-06 9.248892605219999699e-06 5.370000000000000000e+02
9.248892605219999699e-06 1.778324982510000161e-05 1.970000000000000000e+02
1.778324982510000161e-05 6.884915722730000097e-06 1.970000000000000000e+02
6.884915722730000097e-06 4.223772254729999728e-06 6.560000000000000000e+02
4.223772254729999728e-06 7.045185341890000372e-06 6.500000000000000000e+02
7.045185341890000372e-06 2.944954251920000103e-06 6.330000000000000000e+02
2.944954251920000103e-06 6.220464593330000418e-06 6.300000000000000000e+02
6.220464593330000418e-06 8.868252259740000177e-06 6.190000000000000000e+02
8.868252259740000177e-06 7.739687024879999608e-06 6.050000000000000000e+02
7.739687024879999608e-06 9.576109744330000095e-06 5.860000000000000000e+02
9.576109744330000095e-06 5.472539703960000290e-06 5.960000000000000000e+02
5.472539703960000290e-06 8.280596989520000253e-06 6.360000000000000000e+02
8.280596989520000253e-06 8.060226263180000016e-06 6.150000000000000000e+02
8.060226263180000016e-06 1.030066198090000051e-05 5.640000000000000000e+02
1.030066198090000051e-05 9.469263331559999935e-06 5.270000000000000000e+02
9.469263331559999935e-06 1.083155509430000015e-05 5.010000000000000000e+02
1.083155509430000015e-05 8.046870461590000252e-06 5.380000000000000000e+02
8.046870461590000252e-06 1.012369760979999918e-05 5.680000000000000000e+02
1.012369760979999918e-05 1.123890704299999948e-05 4.700000000000000000e+02
1.123890704299999948e-05 8.601136227820000660e-06 5.170000000000000000e+02
8.601136227820000660e-06 8.377426551089999689e-06 6.000000000000000000e+02
8.377426551089999689e-06 1.026393352650000012e-05 5.620000000000000000e+02
1.026393352650000012e-05 1.103857001909999928e-05 4.740000000000000000e+02
1.103857001909999928e-05 7.128659101859999974e-06 5.470000000000000000e+02
7.128659101859999974e-06 5.509268158349999553e-07 5.460000000000000000e+02
5.509268158349999553e-07 4.203738552340000047e-06 5.590000000000000000e+02
4.203738552340000047e-06 1.173974960289999935e-05 5.080000000000000000e+02
1.173974960289999935e-05 1.140251561260000000e-05 4.150000000000000000e+02
1.140251561260000000e-05 1.004356280020000017e-05 4.680000000000000000e+02
1.004356280020000017e-05 2.033420792990000165e-06 5.240000000000000000e+02
2.033420792990000165e-06 6.854865169139999693e-06 6.060000000000000000e+02
6.854865169139999693e-06 8.160394775150000258e-06 6.310000000000000000e+02
8.160394775150000258e-06 6.581071236430000330e-06 6.360000000000000000e+02
6.581071236430000330e-06 7.178743357850000130e-06 6.500000000000000000e+02
7.178743357850000130e-06 5.799756843059999768e-06 6.510000000000000000e+02
5.799756843059999768e-06 3.445796811770000043e-06 6.530000000000000000e+02
3.445796811770000043e-06 8.397460253479999370e-06 6.020000000000000000e+02
8.397460253479999370e-06 5.866535851039999647e-06 6.350000000000000000e+02
5.866535851039999647e-06 7.966735652009999691e-06 6.390000000000000000e+02
7.966735652009999691e-06 1.078147083840000063e-05 5.470000000000000000e+02
1.078147083840000063e-05 1.155944628129999989e-05 4.410000000000000000e+02
1.155944628129999989e-05 1.990014437799999926e-06 4.620000000000000000e+02
1.990014437799999926e-06 2.934937400719999803e-06 5.800000000000000000e+02
2.934937400719999803e-06 5.783062091059999975e-06 6.300000000000000000e+02
5.783062091059999975e-06 3.172002879050000080e-07 5.480000000000000000e+02
3.172002879050000080e-07 7.612806909719999768e-06 5.360000000000000000e+02
7.612806909719999768e-06 5.208762622439999886e-06 6.460000000000000000e+02
5.208762622439999886e-06 6.975067383509999687e-06 6.550000000000000000e+02
6.975067383509999687e-06 8.153716874350000341e-06 6.300000000000000000e+02
8.153716874350000341e-06 5.656181975900000134e-06 6.430000000000000000e+02
5.656181975900000134e-06 5.068526705680000210e-06 6.620000000000000000e+02
5.068526705680000210e-06 1.295178859769999931e-05 4.550000000000000000e+02
1.295178859769999931e-05 1.897525511749999843e-05 1.320000000000000000e+02
1.897525511749999843e-05 1.481492292039999982e-05 1.050000000000000000e+02
1.481492292039999982e-05 1.461458589640000061e-05 2.240000000000000000e+02
1.461458589640000061e-05 1.303860130809999993e-05 2.680000000000000000e+02
1.303860130809999993e-05 2.300536824910000105e-06 4.060000000000000000e+02
2.300536824910000105e-06 8.046870461590000252e-06 5.840000000000000000e+02
8.046870461590000252e-06 1.558288151210000005e-05 3.020000000000000000e+02
1.558288151210000005e-05 9.081945085270000425e-06 2.920000000000000000e+02
9.081945085270000425e-06 6.894932573929999973e-06 6.130000000000000000e+02
6.894932573929999973e-06 1.469138175560000093e-06 5.820000000000000000e+02
1.469138175560000093e-06 7.445859389769999647e-06 5.720000000000000000e+02
7.445859389769999647e-06 5.866535851039999647e-06 6.500000000000000000e+02
5.866535851039999647e-06 3.225426085429999806e-06 6.460000000000000000e+02
3.225426085429999806e-06 -8.280596989520000041e-07 5.100000000000000000e+02
-8.280596989520000041e-07 3.025089061490000169e-06 4.970000000000000000e+02
3.025089061490000169e-06 3.101884920669999924e-06 6.080000000000000000e+02
3.101884920669999924e-06 -6.173719287750000291e-06 2.430000000000000000e+02
-6.173719287750000291e-06 -1.435748671569999994e-07 2.370000000000000000e+02
-1.435748671569999994e-07 6.507614327649999687e-06 5.270000000000000000e+02
6.507614327649999687e-06 1.235411647630000092e-06 5.740000000000000000e+02
1.235411647630000092e-06 -5.108594110470000491e-07 4.950000000000000000e+02
-5.108594110470000491e-07 -6.778069309969999585e-07 4.450000000000000000e+02
-6.778069309969999585e-07 -1.025057772489999944e-06 4.240000000000000000e+02
-1.025057772489999944e-06 -8.651220483800000746e-06 1.530000000000000000e+02
-8.651220483800000746e-06 -1.796355314659999994e-06 1.510000000000000000e+02
-1.796355314659999994e-06 -2.370654783290000101e-07 4.040000000000000000e+02
-2.370654783290000101e-07 -4.010079429200000327e-06 3.280000000000000000e+02
-4.010079429200000327e-06 -2.440772741670000204e-06 2.820000000000000000e+02
-2.440772741670000204e-06 2.230418866529999843e-06 4.310000000000000000e+02
2.230418866529999843e-06 2.808057285559999962e-06 5.840000000000000000e+02
2.808057285559999962e-06 1.180318966049999942e-05 4.730000000000000000e+02
1.180318966049999942e-05 1.305863501049999968e-05 3.520000000000000000e+02
1.305863501049999968e-05 4.283873361909999690e-06 4.330000000000000000e+02
4.283873361909999690e-06 -1.081819929280000018e-06 5.020000000000000000e+02
-1.081819929280000018e-06 1.990014437799999926e-06 4.800000000000000000e+02
1.990014437799999926e-06 1.246096288909999918e-05 4.170000000000000000e+02
1.246096288909999918e-05 1.589340389920000016e-06 4.110000000000000000e+02
1.589340389920000016e-06 -3.008394309500000023e-06 3.970000000000000000e+02
-3.008394309500000023e-06 -1.762965810670000055e-06 3.300000000000000000e+02
-1.762965810670000055e-06 3.606066430920000035e-07 4.290000000000000000e+02
3.606066430920000035e-07 8.213817981539999526e-06 5.210000000000000000e+02
8.213817981539999526e-06 3.335611448599999925e-06 6.210000000000000000e+02
3.335611448599999925e-06 4.774699070570000036e-07 5.450000000000000000e+02
4.774699070570000036e-07 4.190382750740000212e-06 5.570000000000000000e+02
4.190382750740000212e-06 -1.402359167579999896e-07 5.290000000000000000e+02
-1.402359167579999896e-07 1.782999513059999948e-06 5.090000000000000000e+02
1.782999513059999948e-06 3.472508414960000171e-07 5.270000000000000000e+02
3.472508414960000171e-07 1.702864703489999987e-07 4.980000000000000000e+02
1.702864703489999987e-07 6.344005758100000159e-07 5.000000000000000000e+02
6.344005758100000159e-07 -8.914997565320000303e-07 4.710000000000000000e+02
-8.914997565320000303e-07 7.068557994680000012e-06 4.860000000000000000e+02
7.068557994680000012e-06 8.484272963849999778e-06 6.260000000000000000e+02
8.484272963849999778e-06 9.682956157090000448e-08 4.950000000000000000e+02
9.682956157090000448e-08 -2.641109765609999841e-06 3.840000000000000000e+02
-2.641109765609999841e-06 1.505866629949999991e-06 4.190000000000000000e+02
1.505866629949999991e-06 3.649472786099999991e-06 5.770000000000000000e+02
3.649472786099999991e-06 1.552611935529999906e-06 5.750000000000000000e+02
1.552611935529999906e-06 8.781439549370000193e-07 5.290000000000000000e+02
8.781439549370000193e-07 3.679523339700000043e-06 5.610000000000000000e+02
3.679523339700000043e-06 1.005357965139999920e-05 5.570000000000000000e+02
1.005357965139999920e-05 9.429195926770000502e-06 5.370000000000000000e+02
9.429195926770000502e-06 5.960026462209999972e-06 6.030000000000000000e+02
5.960026462209999972e-06 -1.278818002819999908e-06 4.740000000000000000e+02
-1.278818002819999908e-06 -3.926605669219999807e-06 3.080000000000000000e+02
-3.926605669219999807e-06 1.676153100300000071e-06 3.500000000000000000e+02
1.676153100300000071e-06 -1.736254207480000032e-06 4.530000000000000000e+02
-1.736254207480000032e-06 -1.659458348300000066e-06 3.740000000000000000e+02
-1.659458348300000066e-06 2.340604229699999962e-06 4.630000000000000000e+02
2.340604229699999962e-06 -4.794732772959999929e-06 3.180000000000000000e+02
-4.794732772959999929e-06 -1.197681508119999995e-05 1.350000000000000000e+02
-1.197681508119999995e-05 2.747956178380000001e-06 6.300000000000000000e+01
2.747956178380000001e-06 2.497534898450000207e-06 5.890000000000000000e+02
2.497534898450000207e-06 -1.255445350019999985e-06 4.890000000000000000e+02
-1.255445350019999985e-06 4.934968689719999605e-06 4.820000000000000000e+02
4.934968689719999605e-06 -1.782999513059999948e-06 4.670000000000000000e+02
-1.782999513059999948e-06 3.555982174930000090e-06 4.690000000000000000e+02
3.555982174930000090e-06 1.078147083840000063e-05 5.310000000000000000e+02
1.078147083840000063e-05 8.250546435919999777e-06 5.350000000000000000e+02
8.250546435919999777e-06 1.156278523170000070e-05 5.040000000000000000e+02
1.156278523170000070e-05 1.087162249909999965e-05 4.350000000000000000e+02
1.087162249909999965e-05 1.010032495700000031e-05 4.890000000000000000e+02
1.010032495700000031e-05 5.455844951959999650e-06 5.820000000000000000e+02
5.455844951959999650e-06 4.918273937719999811e-06 6.600000000000000000e+02
4.918273937719999811e-06 -3.846470859650000164e-06 3.610000000000000000e+02
-3.846470859650000164e-06 3.202053432640000166e-06 3.620000000000000000e+02
3.202053432640000166e-06 -3.906571966830000126e-07 5.240000000000000000e+02
-3.906571966830000126e-07 2.303875775309999905e-07 4.830000000000000000e+02
2.303875775309999905e-07 7.589434256920000057e-06 5.330000000000000000e+02
7.589434256920000057e-06 2.871497343139999883e-06 6.210000000000000000e+02
2.871497343139999883e-06 4.066841585980000330e-06 6.220000000000000000e+02
4.066841585980000330e-06 2.918242648720000010e-06 6.220000000000000000e+02
2.918242648720000010e-06 8.724677392579999695e-06 5.850000000000000000e+02
8.724677392579999695e-06 2.477501196060000102e-06 5.720000000000000000e+02
2.477501196060000102e-06 1.138915981100000017e-05 4.850000000000000000e+02
1.138915981100000017e-05 4.207077502740000217e-07 4.160000000000000000e+02
4.207077502740000217e-07 1.045091474889999908e-06 5.100000000000000000e+02
1.045091474889999908e-06 5.909942206229999887e-06 5.800000000000000000e+02
5.909942206229999887e-06 3.135274424659999864e-06 6.430000000000000000e+02
3.135274424659999864e-06 1.174308855330000016e-05 4.870000000000000000e+02
1.174308855330000016e-05 1.699525753089999922e-06 4.460000000000000000e+02
1.699525753089999922e-06 -5.876552702240000371e-07 5.010000000000000000e+02
-5.876552702240000371e-07 5.963365412609999931e-06 5.200000000000000000e+02
5.963365412609999931e-06 1.346598695920000071e-05 4.250000000000000000e+02
1.346598695920000071e-05 9.302315811610000661e-06 3.960000000000000000e+02
9.302315811610000661e-06 6.100262378969999648e-06 6.090000000000000000e+02
6.100262378969999648e-06 5.415777547170000216e-06 6.640000000000000000e+02
5.415777547170000216e-06 -3.572676926930000201e-07 5.240000000000000000e+02
-3.572676926930000201e-07 5.876552702240000371e-06 5.290000000000000000e+02
5.876552702240000371e-06 7.602790058519999892e-06 6.450000000000000000e+02
7.602790058519999892e-06 1.115543328310000038e-05 5.430000000000000000e+02
1.115543328310000038e-05 3.990045726799999728e-06 5.170000000000000000e+02
3.990045726799999728e-06 9.883293181030000668e-06 5.610000000000000000e+02
9.883293181030000668e-06 1.250103029379999967e-05 4.260000000000000000e+02
1.250103029379999967e-05 1.253108084740000014e-05 3.490000000000000000e+02
1.253108084740000014e-05 1.961633359409999924e-05 1.160000000000000000e+02
1.961633359409999924e-05 1.017378186570000039e-05 1.250000000000000000e+02
1.017378186570000039e-05 -1.896523826630000025e-06 3.470000000000000000e+02
-1.896523826630000025e-06 8.287274890310000099e-06 4.140000000000000000e+02
8.287274890310000099e-06 9.349061117189999941e-06 5.810000000000000000e+02
9.349061117189999941e-06 1.038079679049999952e-05 5.300000000000000000e+02
1.038079679049999952e-05 -4.727953764980000050e-06 1.930000000000000000e+02
-4.727953764980000050e-06 -6.096923428569999689e-06 1.950000000000000000e+02
-6.096923428569999689e-06 1.174308855330000016e-05 1.100000000000000000e+02
1.174308855330000016e-05 2.891531045529999987e-06 4.750000000000000000e+02
2.891531045529999987e-06 9.242214704429999852e-06 5.690000000000000000e+02
9.242214704429999852e-06 1.172305485090000041e-05 4.730000000000000000e+02
1.172305485090000041e-05 -1.702864703489999987e-07 3.660000000000000000e+02
-1.702864703489999987e-07 3.121918623060000029e-06 5.160000000000000000e+02
3.121918623060000029e-06 3.452474712559999889e-06 6.200000000000000000e+02
3.452474712559999889e-06 -1.325563308400000035e-06 4.940000000000000000e+02
-1.325563308400000035e-06 7.238844465030000092e-06 4.700000000000000000e+02
7.238844465030000092e-06 1.060450646720000028e-05 5.610000000000000000e+02
1.060450646720000028e-05 9.943394288219999853e-06 5.020000000000000000e+02
9.943394288219999853e-06 5.018442449690000054e-06 5.840000000000000000e+02
5.018442449690000054e-06 7.826499735250000016e-06 6.360000000000000000e+02
7.826499735250000016e-06 1.604699561759999953e-05 2.780000000000000000e+02
1.604699561759999953e-05 9.512669686750000174e-06 2.710000000000000000e+02
9.512669686750000174e-06 6.230481444530000294e-06 6.040000000000000000e+02
6.230481444530000294e-06 4.754665368169999649e-06 6.640000000000000000e+02
4.754665368169999649e-06 -4.006740478800000156e-07 5.200000000000000000e+02
-4.006740478800000156e-07 -1.722898405879999986e-06 4.130000000000000000e+02
-1.722898405879999986e-06 6.213786692539999725e-06 4.610000000000000000e+02
6.213786692539999725e-06 7.576078455330000293e-06 6.430000000000000000e+02
7.576078455330000293e-06 -6.477563774059999494e-07 4.790000000000000000e+02
-6.477563774059999494e-07 -4.414092427480000407e-06 2.980000000000000000e+02
-4.414092427480000407e-06 1.592679340319999975e-06 3.210000000000000000e+02
1.592679340319999975e-06 4.500905137849999967e-06 5.930000000000000000e+02
4.500905137849999967e-06 1.776321612270000101e-06 5.860000000000000000e+02
1.776321612270000101e-06 7.455876240960000299e-06 5.830000000000000000e+02
7.455876240960000299e-06 7.175404407450000171e-06 6.440000000000000000e+02
7.175404407450000171e-06 6.143668734160000099e-07 5.510000000000000000e+02
6.143668734160000099e-07 3.886538264430000374e-06 5.540000000000000000e+02
3.886538264430000374e-06 2.490856997649999866e-06 6.060000000000000000e+02
2.490856997649999866e-06 5.155339416049999770e-06 6.260000000000000000e+02
5.155339416049999770e-06 1.565967737130000164e-05 2.930000000000000000e+02
1.565967737130000164e-05 5.893247454230000093e-06 3.020000000000000000e+02
5.893247454230000093e-06 -1.589340389920000016e-06 4.650000000000000000e+02
-1.589340389920000016e-06 8.748050045379999830e-07 4.480000000000000000e+02
8.748050045379999830e-07 2.150284056950000130e-06 5.380000000000000000e+02
2.150284056950000130e-06 4.584378897820000416e-06 6.100000000000000000e+02
4.584378897820000416e-06 8.424171856670000663e-06 6.150000000000000000e+02
8.424171856670000663e-06 8.504306666249999530e-06 6.000000000000000000e+02
8.504306666249999530e-06 3.218748184629999889e-06 6.060000000000000000e+02
3.218748184629999889e-06 2.851463640740000130e-06 6.070000000000000000e+02
2.851463640740000130e-06 1.756287909869999925e-06 5.710000000000000000e+02
1.756287909869999925e-06 -3.923266718819999849e-06 3.590000000000000000e+02
-3.923266718819999849e-06 1.776321612270000101e-06 3.500000000000000000e+02
1.776321612270000101e-06 6.240498295730000170e-06 5.960000000000000000e+02
6.240498295730000170e-06 5.165356267249999647e-06 6.640000000000000000e+02
5.165356267249999647e-06 -7.145353853860000402e-07 5.110000000000000000e+02
-7.145353853860000402e-07 2.317231576899999827e-06 4.990000000000000000e+02
2.317231576899999827e-06 5.492573406349999972e-06 6.170000000000000000e+02
5.492573406349999972e-06 6.714629252390000088e-06 6.600000000000000000e+02
6.714629252390000088e-06 3.936622520419999683e-06 6.550000000000000000e+02
3.936622520419999683e-06 1.993353388199999884e-06 5.940000000000000000e+02
1.993353388199999884e-06 3.606066430919999823e-06 5.950000000000000000e+02
3.606066430919999823e-06 8.080259965579999980e-07 5.570000000000000000e+02
8.080259965579999980e-07 9.976783792209999369e-06 4.920000000000000000e+02
9.976783792209999369e-06 9.936716387419999936e-06 5.260000000000000000e+02
9.936716387419999936e-06 6.724646103579999893e-06 5.890000000000000000e+02
6.724646103579999893e-06 1.896523826630000025e-06 5.930000000000000000e+02
1.896523826630000025e-06 -2.307214725710000022e-06 4.300000000000000000e+02
-2.307214725710000022e-06 -1.559289836330000035e-06 3.640000000000000000e+02
-1.559289836330000035e-06 1.696186802689999964e-06 4.600000000000000000e+02
1.696186802689999964e-06 6.050178122980000338e-06 5.950000000000000000e+02
6.050178122980000338e-06 1.211371204760000080e-05 5.030000000000000000e+02
1.211371204760000080e-05 4.798071723359999888e-06 4.950000000000000000e+02
4.798071723359999888e-06 4.083536337970000052e-06 6.540000000000000000e+02
4.083536337970000052e-06 2.791362533560000169e-06 6.170000000000000000e+02
2.791362533560000169e-06 7.719653322479999856e-06 6.090000000000000000e+02
7.719653322479999856e-06 6.250515146919999975e-06 6.450000000000000000e+02
6.250515146919999975e-06 5.492573406349999972e-06 6.640000000000000000e+02
5.492573406349999972e-06 1.384328835420000055e-05 4.090000000000000000e+02
1.384328835420000055e-05 -5.706266231890000291e-06 7.100000000000000000e+01
-5.706266231890000291e-06 -1.398018532059999971e-05 1.340000000000000000e+02
-1.398018532059999971e-05 -1.710210394370000129e-05 1.600000000000000000e+02
-1.710210394370000129e-05 -1.763633600750000004e-05 1.420000000000000000e+02
-1.763633600750000004e-05 -1.403694747739999985e-05 1.650000000000000000e+02
-1.403694747739999985e-05 -1.571977847849999921e-05 1.720000000000000000e+02
-1.571977847849999921e-05 -2.127245299199999893e-05 1.140000000000000000e+02
-2.127245299199999893e-05 -1.943936922300000129e-05 8.900000000000000000e+01
-1.943936922300000129e-05 -1.673815835019999888e-05 1.290000000000000000e+02
-1.673815835019999888e-05 -1.963970624690000149e-05 1.270000000000000000e+02
-1.963970624690000149e-05 -1.880830759759999951e-05 1.080000000000000000e+02
-1.880830759759999951e-05 -1.553947515689999974e-05 1.370000000000000000e+02
-1.553947515689999974e-05 -1.487836297789999917e-05 1.740000000000000000e+02
-1.487836297789999917e-05 -1.427401295570000045e-05 1.780000000000000000e+02
-1.427401295570000045e-05 -1.529573177779999923e-05 1.740000000000000000e+02
-1.529573177779999923e-05 -1.789009623779999958e-05 1.450000000000000000e+02
-1.789009623779999958e-05 -1.135910925739999969e-05 1.610000000000000000e+02
-1.135910925739999969e-05 -1.496851463870000060e-05 1.800000000000000000e+02
-1.496851463870000060e-05 -1.985673802279999895e-05 1.310000000000000000e+02
-1.985673802279999895e-05 -1.554281410730000055e-05 1.330000000000000000e+02
-1.554281410730000055e-05 -1.250103029379999967e-05 1.780000000000000000e+02
-1.250103029379999967e-05 -1.355613861989999973e-05 1.850000000000000000e+02
-1.355613861989999973e-05 -1.206696674199999968e-05 1.890000000000000000e+02
-1.206696674199999968e-05 -1.196012032919999931e-05 1.920000000000000000e+02
-1.196012032919999931e-05 -1.206696674199999968e-05 1.920000000000000000e+02
-1.206696674199999968e-05 -4.661174757000000171e-06 1.280000000000000000e+02
-4.661174757000000171e-06 -1.201688248599999945e-05 1.300000000000000000e+02
-1.201688248599999945e-05 -1.791012994020000103e-05 1.630000000000000000e+02
-1.791012994020000103e-05 -1.927909960379999989e-05 1.220000000000000000e+02
-1.927909960379999989e-05 -1.901532252230000132e-05 1.100000000000000000e+02
-1.901532252230000132e-05 -1.715552715010000063e-05 1.300000000000000000e+02
-1.715552715010000063e-05 -1.928243855420000069e-05 1.260000000000000000e+02
-1.928243855420000069e-05 -1.594682710559999908e-05 1.360000000000000000e+02
-1.594682710559999908e-05 -8.771422698170000740e-06 1.570000000000000000e+02
-8.771422698170000740e-06 -1.274811262340000000e-05 1.760000000000000000e+02
-1.274811262340000000e-05 -1.055776116159999916e-05 1.910000000000000000e+02
-1.055776116159999916e-05 -1.628406109589999843e-05 1.710000000000000000e+02
-1.628406109589999843e-05 -1.749276114039999998e-05 1.450000000000000000e+02
-1.749276114039999998e-05 -2.574330757629999962e-06 5.800000000000000000e+01
-2.574330757629999962e-06 -1.741596528119999839e-05 6.300000000000000000e+01
-1.741596528119999839e-05 -1.598021660960000036e-05 1.510000000000000000e+02
-1.598021660960000036e-05 -1.094841835829999955e-05 1.690000000000000000e+02
-1.094841835829999955e-05 -1.447768893010000047e-05 1.830000000000000000e+02
-1.447768893010000047e-05 -1.223725321229999940e-05 1.850000000000000000e+02
-1.223725321229999940e-05 -1.234743857550000058e-05 1.920000000000000000e+02
-1.234743857550000058e-05 -9.485958083550000505e-06 1.860000000000000000e+02
-9.485958083550000505e-06 -1.617053678230000153e-05 1.650000000000000000e+02
-1.617053678230000153e-05 -1.570308372649999857e-05 1.600000000000000000e+02
-1.570308372649999857e-05 -1.514547900989999926e-05 1.700000000000000000e+02
-1.514547900989999926e-05 -1.309202451449999927e-05 1.790000000000000000e+02
-1.309202451449999927e-05 -1.180652861090000022e-05 1.910000000000000000e+02
-1.180652861090000022e-05 -1.177981700770000055e-05 1.910000000000000000e+02
-1.177981700770000055e-05 -1.987343277479999959e-05 1.350000000000000000e+02
-1.987343277479999959e-05 -2.241771297889999872e-05 7.200000000000000000e+01
-2.241771297889999872e-05 -9.061911382880000743e-06 7.700000000000000000e+01
-9.061911382880000743e-06 -8.914997565319999456e-06 1.860000000000000000e+02
-8.914997565319999456e-06 -1.354946071909999982e-05 1.760000000000000000e+02
-1.354946071909999982e-05 -1.565633842090000084e-05 1.740000000000000000e+02
-1.565633842090000084e-05 -5.459183902359999608e-06 1.170000000000000000e+02
-5.459183902359999608e-06 -5.746333636679999724e-06 1.920000000000000000e+02
-5.746333636679999724e-06 -9.459246480359999212e-06 1.620000000000000000e+02
-9.459246480359999212e-06 -1.109199322550000032e-05 1.870000000000000000e+02
-1.109199322550000032e-05 -1.364295133030000035e-05 1.900000000000000000e+02
-1.364295133030000035e-05 -1.432743616209999979e-05 1.840000000000000000e+02
-1.432743616209999979e-05 -1.443094362449999935e-05 1.820000000000000000e+02
-1.443094362449999935e-05 -3.672845438900000126e-06 9.800000000000000000e+01
-3.672845438900000126e-06 -1.281823058179999998e-05 1.100000000000000000e+02
-1.281823058179999998e-05 -1.650443182220000008e-05 1.720000000000000000e+02
-1.650443182220000008e-05 -5.058509854480000334e-06 1.060000000000000000e+02
-5.058509854480000334e-06 -1.308534661369999935e-05 1.320000000000000000e+02
-1.308534661369999935e-05 -2.189015881580000088e-05 1.130000000000000000e+02
-2.189015881580000088e-05 -1.979663691569999871e-05 7.700000000000000000e+01
-1.979663691569999871e-05 -1.722230615799999909e-05 1.250000000000000000e+02
-1.722230615799999909e-05 -1.384662730459999967e-05 1.680000000000000000e+02
-1.384662730459999967e-05 -9.646227702709999933e-06 1.760000000000000000e+02
-9.646227702709999933e-06 -9.432534877169999614e-06 1.830000000000000000e+02
-9.432534877169999614e-06 -7.676246967299999688e-06 1.780000000000000000e+02
-7.676246967299999688e-06 -3.452474712559999889e-06 1.790000000000000000e+02
-3.452474712559999889e-06 -1.102187526710000034e-05 1.230000000000000000e+02
-1.102187526710000034e-05 -1.791346889059999844e-05 1.580000000000000000e+02
-1.791346889059999844e-05 -2.092854110090000135e-05 1.070000000000000000e+02
-2.092854110090000135e-05 -2.058796816020000119e-05 8.300000000000000000e+01
-2.058796816020000119e-05 -1.408703173340000008e-05 1.270000000000000000e+02
-1.408703173340000008e-05 -8.330681245500000338e-06 1.700000000000000000e+02
-8.330681245500000338e-06 -1.100184156470000058e-05 1.830000000000000000e+02
-1.100184156470000058e-05 -1.977326426289999984e-05 1.350000000000000000e+02
-1.977326426289999984e-05 -1.414379389020000023e-05 1.380000000000000000e+02
-1.414379389020000023e-05 -1.876824019280000000e-05 1.460000000000000000e+02
-1.876824019280000000e-05 -7.846533437649999768e-06 1.220000000000000000e+02
-7.846533437649999768e-06 -1.595016605599999988e-05 1.520000000000000000e+02
-1.595016605599999988e-05 -1.906540677829999985e-05 1.340000000000000000e+02
-1.906540677829999985e-05 -1.302190655609999929e-05 1.480000000000000000e+02
-1.302190655609999929e-05 -1.431741931090000076e-05 1.830000000000000000e+02
-1.431741931090000076e-05 -1.397684637020000060e-05 1.830000000000000000e+02
-1.397684637020000060e-05 -1.584665859359999862e-05 1.720000000000000000e+02
-1.584665859359999862e-05 -7.031829540289999690e-06 1.440000000000000000e+02
-7.031829540289999690e-06 -2.223740965729999926e-06 1.870000000000000000e+02
-2.223740965729999926e-06 -1.249769134340000056e-05 9.300000000000000000e+01
-1.249769134340000056e-05 -1.100184156470000058e-05 1.910000000000000000e+02
-1.100184156470000058e-05 -6.607782839619999929e-06 1.630000000000000000e+02
-6.607782839619999929e-06 -1.084824984630000079e-05 1.650000000000000000e+02
-1.084824984630000079e-05 -1.430406350929999923e-05 1.840000000000000000e+02
-1.430406350929999923e-05 -1.718557770360000040e-05 1.580000000000000000e+02
-1.718557770360000040e-05 -1.483495662270000056e-05 1.630000000000000000e+02
-1.483495662270000056e-05 -1.653448237580000055e-05 1.610000000000000000e+02
-1.653448237580000055e-05 -1.679825945739999983e-05 1.490000000000000000e+02
-1.679825945739999983e-05 -1.429738560849999931e-05 1.700000000000000000e+02
-1.429738560849999931e-05 -1.244760708749999934e-05 1.860000000000000000e+02
-1.244760708749999934e-05 -6.350683658890000218e-06 1.540000000000000000e+02
-6.350683658890000218e-06 -7.222149713030000298e-06 1.750000000000000000e+02
-7.222149713030000298e-06 -1.110534902710000015e-05 1.710000000000000000e+02
-1.110534902710000015e-05 -1.486500717629999934e-05 1.800000000000000000e+02
-1.486500717629999934e-05 -1.416716654290000007e-05 1.790000000000000000e+02
-1.416716654290000007e-05 -1.632746745109999874e-05 1.660000000000000000e+02
-1.632746745109999874e-05 -1.080818244160000030e-05 1.660000000000000000e+02
-1.080818244160000030e-05 -9.763090966670000744e-06 1.870000000000000000e+02
-9.763090966670000744e-06 -1.301522865529999937e-05 1.870000000000000000e+02
-1.301522865529999937e-05 -9.866598429040000098e-06 1.840000000000000000e+02
-9.866598429040000098e-06 -1.326564993519999980e-05 1.890000000000000000e+02
-1.326564993519999980e-05 -1.582328594090000047e-05 1.740000000000000000e+02
-1.582328594090000047e-05 -1.699191858049999842e-05 1.500000000000000000e+02
-1.699191858049999842e-05 -1.104524791989999920e-05 1.610000000000000000e+02
-1.104524791989999920e-05 -8.671254186200000498e-06 1.840000000000000000e+02
-8.671254186200000498e-06 -1.795019734500000053e-05 1.430000000000000000e+02
-1.795019734500000053e-05 -1.197681508119999995e-05 1.620000000000000000e+02
-1.197681508119999995e-05 -1.482493977160000054e-05 1.810000000000000000e+02
-1.482493977160000054e-05 -1.386332205660000031e-05 1.810000000000000000e+02
-1.386332205660000031e-05 -2.848124690349999819e-06 9.400000000000000000e+01
-2.848124690349999819e-06 -1.647104231829999951e-05 7.400000000000000000e+01
-1.647104231829999951e-05 -1.506534420030000025e-05 1.650000000000000000e+02
-1.506534420030000025e-05 -8.998471325300000823e-06 1.630000000000000000e+02
-8.998471325300000823e-06 -1.306531291129999960e-05 1.760000000000000000e+02
-1.306531291129999960e-05 -1.065459072320000051e-05 1.910000000000000000e+02
-1.065459072320000051e-05 -1.692513957249999925e-05 1.660000000000000000e+02
-1.692513957249999925e-05 -1.949947033010000154e-05 1.270000000000000000e+02
-1.949947033010000154e-05 -1.236079437710000042e-05 1.440000000000000000e+02
-1.236079437710000042e-05 -5.445828100769999845e-06 1.390000000000000000e+02
-5.445828100769999845e-06 -1.098848576310000075e-05 1.560000000000000000e+02
-1.098848576310000075e-05 -1.910213523269999855e-05 1.480000000000000000e+02
-1.910213523269999855e-05 -1.623397683989999990e-05 1.360000000000000000e+02
-1.623397683989999990e-05 -1.200686563480000042e-05 1.760000000000000000e+02
-1.200686563480000042e-05 -9.419179075569999779e-06 1.880000000000000000e+02
-9.419179075569999779e-06 -1.198683193240000067e-05 1.790000000000000000e+02
-1.198683193240000067e-05 -9.532703389139999856e-06 1.880000000000000000e+02
-9.532703389139999856e-06 -1.982334851889999838e-05 1.260000000000000000e+02
-1.982334851889999838e-05 -1.111202692790000007e-05 1.350000000000000000e+02
-1.111202692790000007e-05 -4.691225310589999729e-06 1.370000000000000000e+02
-4.691225310589999729e-06 -1.589674284960000054e-05 1.090000000000000000e+02
-1.589674284960000054e-05 -1.233074382349999994e-05 1.780000000000000000e+02
-1.233074382349999994e-05 -1.557286466090000102e-05 1.770000000000000000e+02
-1.557286466090000102e-05 -1.644766966550000064e-05 1.570000000000000000e+02
-1.644766966550000064e-05 -1.433077511250000059e-05 1.720000000000000000e+02
-1.433077511250000059e-05 -1.229067641870000044e-05 1.870000000000000000e+02
-1.229067641870000044e-05 -1.773316556909999969e-05 1.640000000000000000e+02
-1.773316556909999969e-05 -8.400799203880000176e-06 1.420000000000000000e+02
-8.400799203880000176e-06 -8.911658614930000416e-06 1.830000000000000000e+02
-8.911658614930000416e-06 -1.836088824410000067e-05 1.420000000000000000e+02
-1.836088824410000067e-05 -1.551276355370000007e-05 1.470000000000000000e+02
-1.551276355370000007e-05 -1.285495903609999966e-05 1.770000000000000000e+02
-1.285495903609999966e-05 -7.065219044280000053e-06 1.640000000000000000e+02
-7.065219044280000053e-06 -6.848187268349999846e-06 1.740000000000000000e+02
-6.848187268349999846e-06 -2.838107839150000155e-07 2.050000000000000000e+02
-2.838107839150000155e-07 7.455876240960000299e-06 5.030000000000000000e+02
7.455876240960000299e-06 1.341256375279999968e-05 4.180000000000000000e+02
1.341256375279999968e-05 1.163290319010000068e-05 3.480000000000000000e+02
1.163290319010000068e-05 9.612838198720000417e-06 4.680000000000000000e+02
9.612838198720000417e-06 9.776446768270000579e-06 5.380000000000000000e+02
9.776446768270000579e-06 8.163733725549999370e-06 5.700000000000000000e+02
8.163733725549999370e-06 7.452537290560000340e-06 6.240000000000000000e+02
7.452537290560000340e-06 9.385789571580000263e-06 6.020000000000000000e+02
9.385789571580000263e-06 1.470473755720000034e-05 3.340000000000000000e+02
1.470473755720000034e-05 6.551020682829999855e-06 3.640000000000000000e+02
6.551020682829999855e-06 6.647850244410000209e-06 6.530000000000000000e+02
6.647850244410000209e-06 1.217047420430000023e-05 5.020000000000000000e+02
1.217047420430000023e-05 4.090214238769999970e-06 4.780000000000000000e+02
4.090214238769999970e-06 7.482587844149999897e-06 6.370000000000000000e+02
7.482587844149999897e-06 4.303907064310000289e-06 6.420000000000000000e+02
4.303907064310000289e-06 2.310553676109999981e-06 6.030000000000000000e+02
2.310553676109999981e-06 1.156278523170000070e-05 4.700000000000000000e+02
1.156278523170000070e-05 7.769737578470000013e-06 5.130000000000000000e+02
7.769737578470000013e-06 3.202053432640000166e-06 6.270000000000000000e+02
3.202053432640000166e-06 8.334020195899999450e-06 6.030000000000000000e+02
8.334020195899999450e-06 1.267465571459999921e-05 4.480000000000000000e+02
1.267465571459999921e-05 7.909973495229999688e-06 4.590000000000000000e+02
7.909973495229999688e-06 9.562753942730000260e-06 5.820000000000000000e+02
9.562753942730000260e-06 1.112204377910000079e-05 4.910000000000000000e+02
1.112204377910000079e-05 4.053485784379999648e-06 5.190000000000000000e+02
4.053485784379999648e-06 3.739624446880000005e-06 6.370000000000000000e+02
3.739624446880000005e-06 8.551051971830000504e-06 6.000000000000000000e+02
8.551051971830000504e-06 5.993415966200000335e-06 6.310000000000000000e+02
5.993415966200000335e-06 6.788086161159999814e-06 6.590000000000000000e+02
6.788086161159999814e-06 4.283873361909999690e-06 6.550000000000000000e+02
4.283873361909999690e-06 5.462522852760000414e-06 6.590000000000000000e+02
5.462522852760000414e-06 1.211705099799999991e-05 5.050000000000000000e+02
1.211705099799999991e-05 1.401023587420000018e-05 3.100000000000000000e+02
1.401023587420000018e-05 1.558955941290000166e-05 2.160000000000000000e+02
1.558955941290000166e-05 5.288897432010000376e-06 3.050000000000000000e+02
5.288897432010000376e-06 7.980091453609999526e-06 6.370000000000000000e+02
7.980091453609999526e-06 1.348602066160000046e-05 4.130000000000000000e+02
1.348602066160000046e-05 1.469805965640000042e-05 2.480000000000000000e+02
1.469805965640000042e-05 1.499856519229999938e-05 2.210000000000000000e+02
1.499856519229999938e-05 5.569369265529999727e-06 3.420000000000000000e+02
5.569369265529999727e-06 7.292267671410000136e-06 6.490000000000000000e+02
7.292267671410000136e-06 4.100231089969999846e-06 6.440000000000000000e+02
4.100231089969999846e-06 1.242089548430000010e-06 5.680000000000000000e+02
1.242089548430000010e-06 3.155308127049999969e-06 5.640000000000000000e+02
3.155308127049999969e-06 5.849841099039999854e-06 6.390000000000000000e+02
5.849841099039999854e-06 6.634494442810000374e-06 6.620000000000000000e+02
6.634494442810000374e-06 1.550274670250000104e-05 3.070000000000000000e+02
1.550274670250000104e-05 7.873245040839999367e-06 3.120000000000000000e+02
7.873245040839999367e-06 -2.891531045529999987e-06 3.630000000000000000e+02
-2.891531045529999987e-06 4.851494929739999932e-06 4.150000000000000000e+02
4.851494929739999932e-06 6.320633105299999813e-06 6.600000000000000000e+02
6.320633105299999813e-06 1.953285983410000028e-06 5.960000000000000000e+02
1.953285983410000028e-06 4.794732772959999929e-06 6.020000000000000000e+02
4.794732772959999929e-06 -6.083567626969999854e-06 2.420000000000000000e+02
-6.083567626969999854e-06 1.055108326079999925e-06 2.460000000000000000e+02
1.055108326079999925e-06 1.867141063120000035e-05 8.800000000000000000e+01
1.867141063120000035e-05 8.247207485529999678e-07 9.200000000000000000e+01
8.247207485529999678e-07 6.507614327649999687e-06 5.670000000000000000e+02
6.507614327649999687e-06 1.303860130809999993e-05 4.450000000000000000e+02
1.303860130809999993e-05 1.414045493979999942e-05 2.770000000000000000e+02
1.414045493979999942e-05 1.761296335470000118e-05 1.570000000000000000e+02
1.761296335470000118e-05 1.649775392139999846e-05 1.090000000000000000e+02
1.649775392139999846e-05 1.062120121919999923e-05 2.390000000000000000e+02
1.062120121919999923e-05 4.714597963390000286e-06 5.530000000000000000e+02
4.714597963390000286e-06 7.138675953059999850e-06 6.490000000000000000e+02
7.138675953059999850e-06 9.966766941010000340e-06 5.900000000000000000e+02
9.966766941010000340e-06 1.467802595400000067e-05 3.260000000000000000e+02
1.467802595400000067e-05 8.040192560790000335e-06 3.510000000000000000e+02
8.040192560790000335e-06 8.404138154279999288e-06 6.130000000000000000e+02
8.404138154279999288e-06 9.716345661079999699e-06 5.740000000000000000e+02
9.716345661079999699e-06 4.975036094510000097e-07 4.800000000000000000e+02
4.975036094510000097e-07 6.076889726180000008e-06 5.550000000000000000e+02
6.076889726180000008e-06 5.816451595050000338e-06 6.660000000000000000e+02
5.816451595050000338e-06 2.737939327180000125e-06 6.320000000000000000e+02
2.737939327180000125e-06 -1.405698117979999960e-06 4.870000000000000000e+02
-1.405698117979999960e-06 7.809804983259999446e-06 4.520000000000000000e+02
7.809804983259999446e-06 9.288960010010000826e-06 5.940000000000000000e+02
9.288960010010000826e-06 1.364962923110000027e-05 3.800000000000000000e+02
1.364962923110000027e-05 4.353991320290000374e-06 4.100000000000000000e+02
4.353991320290000374e-06 -4.858172830539999850e-06 3.130000000000000000e+02
-4.858172830539999850e-06 4.447481931469999923e-06 3.100000000000000000e+02
4.447481931469999923e-06 1.929913330619999964e-06 5.900000000000000000e+02
1.929913330619999964e-06 2.260469420119999824e-06 5.660000000000000000e+02
2.260469420119999824e-06 2.337265279300000003e-07 5.310000000000000000e+02
2.337265279300000003e-07 5.639487223910000412e-06 5.500000000000000000e+02
5.639487223910000412e-06 5.582725067120000338e-06 6.650000000000000000e+02
5.582725067120000338e-06 6.190414039740000014e-06 6.630000000000000000e+02
6.190414039740000014e-06 -5.435811249569999969e-06 2.590000000000000000e+02
-5.435811249569999969e-06 -1.525232542260000062e-05 1.240000000000000000e+02
-1.525232542260000062e-05 -1.465131435079999930e-05 1.750000000000000000e+02
-1.465131435079999930e-05 -2.097194745610000166e-05 1.210000000000000000e+02
-2.097194745610000166e-05 -7.656213264899999936e-06 9.200000000000000000e+01
-7.656213264899999936e-06 -1.074140343359999943e-05 1.760000000000000000e+02
-1.074140343359999943e-05 -1.540257819060000130e-05 1.780000000000000000e+02
-1.540257819060000130e-05 -5.268863729619999847e-06 1.190000000000000000e+02
-5.268863729619999847e-06 -1.631411164949999891e-05 1.130000000000000000e+02
-1.631411164949999891e-05 -1.421725079890000030e-05 1.720000000000000000e+02
-1.421725079890000030e-05 -1.321556567919999957e-05 1.870000000000000000e+02
-1.321556567919999957e-05 -7.028490589889999731e-06 1.600000000000000000e+02
-7.028490589889999731e-06 -1.529239282739999843e-05 1.480000000000000000e+02
-1.529239282739999843e-05 -1.207364464279999960e-05 1.790000000000000000e+02
-1.207364464279999960e-05 -7.552705802529999735e-06 1.720000000000000000e+02
-7.552705802529999735e-06 -1.553279725610000152e-05 1.530000000000000000e+02
-1.553279725610000152e-05 -9.028521878889999533e-06 1.610000000000000000e+02
-9.028521878889999533e-06 -1.781330037869999870e-05 1.450000000000000000e+02
-1.781330037869999870e-05 -6.447513220469999725e-06 1.090000000000000000e+02
-6.447513220469999725e-06 2.784684632759999828e-06 2.310000000000000000e+02
2.784684632759999828e-06 3.786369752460000132e-06 6.130000000000000000e+02
3.786369752460000132e-06 -1.306865186170000041e-05 4.500000000000000000e+01
-1.306865186170000041e-05 -1.609040197279999984e-05 1.730000000000000000e+02
-1.609040197279999984e-05 4.207077502740000217e-07 4.200000000000000000e+01
4.207077502740000217e-07 -2.470823295260000185e-06 4.020000000000000000e+02
-2.470823295260000185e-06 1.539256133939999930e-06 4.260000000000000000e+02
1.539256133939999930e-06 4.908257086530000006e-06 5.960000000000000000e+02
4.908257086530000006e-06 3.025089061490000169e-06 6.350000000000000000e+02
3.025089061490000169e-06 8.344037047100000173e-06 5.980000000000000000e+02
8.344037047100000173e-06 1.318885407599999990e-05 4.220000000000000000e+02
1.318885407599999990e-05 1.459789114439999997e-05 2.590000000000000000e+02
1.459789114439999997e-05 8.955064970110000584e-06 3.530000000000000000e+02
8.955064970110000584e-06 1.234743857550000058e-05 4.520000000000000000e+02
1.234743857550000058e-05 1.401357482459999929e-05 3.040000000000000000e+02
1.401357482459999929e-05 5.936653809420000332e-06 4.000000000000000000e+02
5.936653809420000332e-06 6.103601329369999606e-06 6.610000000000000000e+02
6.103601329369999606e-06 5.412438596780000329e-06 6.640000000000000000e+02
5.412438596780000329e-06 7.799788132060000417e-06 6.390000000000000000e+02
7.799788132060000417e-06 6.374056311689999928e-06 6.430000000000000000e+02
6.374056311689999928e-06 2.924920549519999927e-06 6.400000000000000000e+02
2.924920549519999927e-06 4.637802104209999684e-06 6.310000000000000000e+02
4.637802104209999684e-06 3.806403454859999884e-06 6.490000000000000000e+02
3.806403454859999884e-06 -1.285495903609999966e-06 4.960000000000000000e+02
-1.285495903609999966e-06 5.796417892659999810e-06 4.830000000000000000e+02
5.796417892659999810e-06 1.441758782289999952e-05 3.690000000000000000e+02
1.441758782289999952e-05 1.397016846940000068e-05 2.490000000000000000e+02
1.397016846940000068e-05 5.462522852760000414e-06 3.960000000000000000e+02
5.462522852760000414e-06 4.140298494760000126e-06 6.600000000000000000e+02
4.140298494760000126e-06 8.995132374900000017e-06 5.910000000000000000e+02
8.995132374900000017e-06 1.991350017959999909e-05 1.240000000000000000e+02
1.991350017959999909e-05 6.307277303710000049e-06 1.050000000000000000e+02
6.307277303710000049e-06 -1.195344242840000024e-06 4.750000000000000000e+02
-1.195344242840000024e-06 8.130344221559999854e-06 4.580000000000000000e+02
8.130344221559999854e-06 4.647818955410000407e-06 6.320000000000000000e+02
4.647818955410000407e-06 4.313923915510000165e-06 6.550000000000000000e+02
4.313923915510000165e-06 4.711259012990000328e-06 6.620000000000000000e+02
4.711259012990000328e-06 5.736316785479999848e-06 6.580000000000000000e+02
5.736316785479999848e-06 1.532578233139999971e-05 3.220000000000000000e+02
1.532578233139999971e-05 8.681271037399999527e-06 3.180000000000000000e+02
8.681271037399999527e-06 -2.370654783289999943e-06 3.720000000000000000e+02
-2.370654783289999943e-06 7.546027901739999889e-06 4.000000000000000000e+02
7.546027901739999889e-06 1.275145157380000080e-05 4.570000000000000000e+02
1.275145157380000080e-05 1.385998310619999950e-05 2.960000000000000000e+02
1.385998310619999950e-05 7.015134788299999968e-06 4.080000000000000000e+02
7.015134788299999968e-06 2.657804517599999987e-06 6.250000000000000000e+02
2.657804517599999987e-06 6.724646103579999893e-06 6.200000000000000000e+02
6.724646103579999893e-06 1.491509143229999957e-05 3.440000000000000000e+02
1.491509143229999957e-05 1.509539475390000072e-05 2.120000000000000000e+02
1.509539475390000072e-05 7.148692804249999655e-06 3.420000000000000000e+02
7.148692804249999655e-06 9.392467472380000180e-06 6.030000000000000000e+02
9.392467472380000180e-06 1.014039236179999982e-05 5.350000000000000000e+02
1.014039236179999982e-05 9.763090966670000744e-06 5.240000000000000000e+02
9.763090966670000744e-06 8.160394775150000258e-06 5.720000000000000000e+02
8.160394775150000258e-06 -3.439118910970000125e-06 3.260000000000000000e+02
-3.439118910970000125e-06 -1.091502885429999996e-05 1.220000000000000000e+02
-1.091502885429999996e-05 9.646227702709999933e-06 3.000000000000000000e+01
9.646227702709999933e-06 4.230450155529999645e-06 5.870000000000000000e+02
4.230450155529999645e-06 3.442457861370000084e-06 6.310000000000000000e+02
3.442457861370000084e-06 8.901641763729999693e-06 5.830000000000000000e+02
8.901641763729999693e-06 2.504212799250000230e-07 4.930000000000000000e+02
2.504212799250000230e-07 4.484210385850000174e-06 5.510000000000000000e+02
4.484210385850000174e-06 1.223057531149999949e-05 4.870000000000000000e+02
1.223057531149999949e-05 7.262217117819999732e-06 4.830000000000000000e+02
7.262217117819999732e-06 8.180428477550000010e-06 6.290000000000000000e+02
8.180428477550000010e-06 1.265796096260000027e-05 4.500000000000000000e+02
1.265796096260000027e-05 8.945048118919999932e-06 4.410000000000000000e+02
8.945048118919999932e-06 2.417400088870000069e-06 5.680000000000000000e+02
2.417400088870000069e-06 1.990014437799999926e-06 5.690000000000000000e+02
1.990014437799999926e-06 6.400767914880000374e-06 6.010000000000000000e+02
6.400767914880000374e-06 7.108625399470000292e-06 6.500000000000000000e+02
7.108625399470000292e-06 1.603697876640000050e-05 2.770000000000000000e+02
1.603697876640000050e-05 9.529364438740000744e-06 2.710000000000000000e+02
9.529364438740000744e-06 9.255570506019999616e-06 5.550000000000000000e+02
9.255570506019999616e-06 1.112538272949999990e-05 4.970000000000000000e+02
1.112538272949999990e-05 5.699588331090000373e-06 5.420000000000000000e+02
5.699588331090000373e-06 -8.781439549370000193e-07 4.980000000000000000e+02
-8.781439549370000193e-07 -8.046870461589999617e-07 4.270000000000000000e+02
-8.046870461589999617e-07 -1.067128547519999945e-05 1.070000000000000000e+02
-1.067128547519999945e-05 -1.712881554690000096e-05 1.650000000000000000e+02
-1.712881554690000096e-05 -4.230450155529999645e-06 8.200000000000000000e+01
-4.230450155529999645e-06 5.342320638399999856e-08 3.180000000000000000e+02
5.342320638399999856e-08 4.955002392110000133e-06 5.440000000000000000e+02
4.955002392110000133e-06 1.051769375679999966e-06 5.710000000000000000e+02
1.051769375679999966e-06 2.370654783289999943e-06 5.440000000000000000e+02
2.370654783289999943e-06 -8.380765501490000071e-07 5.000000000000000000e+02
-8.380765501490000071e-07 -2.303875775310000063e-06 3.750000000000000000e+02
-2.303875775310000063e-06 7.315640324199999776e-06 4.110000000000000000e+02
7.315640324199999776e-06 6.310616254110000008e-06 6.530000000000000000e+02
6.310616254110000008e-06 -9.081945085270000001e-07 4.860000000000000000e+02
-9.081945085270000001e-07 -6.657867095600000014e-06 2.040000000000000000e+02
-6.657867095600000014e-06 -5.442489150369999886e-06 1.830000000000000000e+02
-5.442489150369999886e-06 4.828122276950000292e-06 2.670000000000000000e+02
4.828122276950000292e-06 5.432472299170000010e-06 6.570000000000000000e+02
5.432472299170000010e-06 1.572645637930000082e-06 5.860000000000000000e+02
1.572645637930000082e-06 4.724614814580000092e-06 5.960000000000000000e+02
4.724614814580000092e-06 -2.387349535280000089e-06 4.410000000000000000e+02
-2.387349535280000089e-06 -8.170411626349999287e-06 1.660000000000000000e+02
-8.170411626349999287e-06 2.791362533560000169e-06 1.630000000000000000e+02
2.791362533560000169e-06 1.139583771180000008e-05 4.910000000000000000e+02
1.139583771180000008e-05 9.252231555620000505e-06 4.930000000000000000e+02
9.252231555620000505e-06 7.145353853860000402e-07 5.040000000000000000e+02
7.145353853860000402e-07 5.809773694259999644e-06 5.630000000000000000e+02
5.809773694259999644e-06 4.744648516979999844e-06 6.620000000000000000e+02
4.744648516979999844e-06 2.337265279300000003e-06 6.100000000000000000e+02
2.337265279300000003e-06 -4.774699070570000248e-06 3.190000000000000000e+02
-4.774699070570000248e-06 -5.462522852760000414e-06 2.030000000000000000e+02
-5.462522852760000414e-06 5.889908503830000134e-06 2.590000000000000000e+02
5.889908503830000134e-06 2.417400088870000069e-06 6.230000000000000000e+02
2.417400088870000069e-06 3.906571966830000126e-06 6.070000000000000000e+02
3.906571966830000126e-06 -1.569306687530000123e-07 5.250000000000000000e+02
-1.569306687530000123e-07 -3.913249867630000043e-06 3.310000000000000000e+02
-3.913249867630000043e-06 3.973350974810000005e-06 3.640000000000000000e+02
3.973350974810000005e-06 3.409068357380000145e-06 6.300000000000000000e+02
3.409068357380000145e-06 9.582787645119999094e-07 5.590000000000000000e+02
9.582787645119999094e-07 4.507583038649999779e-07 5.120000000000000000e+02
4.507583038649999779e-07 3.682862290089999931e-06 5.480000000000000000e+02
3.682862290089999931e-06 3.699557042090000148e-06 6.330000000000000000e+02
3.699557042090000148e-06 4.240467006730000051e-07 5.460000000000000000e+02
4.240467006730000051e-07 9.602821347519999693e-06 4.930000000000000000e+02
9.602821347519999693e-06 5.929975908620000415e-06 5.940000000000000000e+02
5.929975908620000415e-06 -3.555982174930000090e-06 3.670000000000000000e+02
-3.555982174930000090e-06 8.253885386320000583e-06 3.170000000000000000e+02
8.253885386320000583e-06 4.140298494760000126e-06 6.260000000000000000e+02
4.140298494760000126e-06 -2.323909477700000168e-06 4.450000000000000000e+02
-2.323909477700000168e-06 4.277195461119999843e-06 4.430000000000000000e+02
4.277195461119999843e-06 6.210447742139999766e-07 5.530000000000000000e+02
6.210447742139999766e-07 -6.844848317950000311e-07 4.810000000000000000e+02
-6.844848317950000311e-07 9.783124669059999155e-07 4.880000000000000000e+02
9.783124669059999155e-07 5.111933060869999602e-06 5.760000000000000000e+02
5.111933060869999602e-06 1.979997586610000121e-06 5.960000000000000000e+02
1.979997586610000121e-06 1.261789355780000076e-05 4.100000000000000000e+02
1.261789355780000076e-05 1.853117471439999997e-06 4.110000000000000000e+02
1.853117471439999997e-06 -7.963396701610000580e-06 1.630000000000000000e+02
